stationNumber,x,y,z
1,-22.931873478500002,-16.3837565493,1.4447216712178998
2,-20.702882207899997,-17.7111803396,1.4417769497203998
3,-13.9226648242,-16.4237005148,1.50761283201673
5,-21.4290086128,-16.4005633502,1.4448976455520999
6,-24.4664524646,-13.863389892699999,1.4550223165917
7,-23.6790810442,-15.0931110133,1.4521898610025001
8,-22.8971444231,-13.7172705903,1.4581582183366
9,-22.1601760833,-15.0979506105,1.4526291760849999
10,-22.205782276999997,-17.7093789262,1.4407333995629001
11,-26.237722496900002,15.0003542315,1.601951182069
12,-26.6140603586,15.6670062813,1.5987862699426
13,-25.8630533383,15.6917420913,1.6003706197229999
14,-22.1764320519,-12.4852152158,1.4617900980543
15,-27.3441899072,14.8073439846,1.599612233077
16,-17.6850551523,-12.492874954700001,1.4667611468698
17,-27.3541959439,14.8073690006,1.599569326946
18,-23.672063251700003,-12.4905548764,1.4623612502629
19,-27.364870643,14.800435623199999,1.59272966099
20,-26.2253737817,15.4418882388,1.5976148336019
21,-19.930314953699998,-13.8066944143,1.4582020185199
22,-26.2253285802,15.4598992475,1.5975712500609
23,-26.620738273700002,14.794976927699999,1.5976273893276
24,-26.988656291399998,15.4441448837,1.602099609354
25,-26.2333761103,15.4429088603,1.5975794902048999
26,-21.4273944035,-13.7777117129,1.4601376679038
27,-26.9850401215,15.0170334755,1.5995279852621
28,-26.2276874533,16.314232531600002,1.5954268107376
29,-26.9905637932,15.8712644193,1.5933696055349
30,-26.612959915,15.2292917274,1.5908342671154
31,-15.429107307099999,-16.4101977881,1.4537757632611001
32,-27.3441899072,14.8073439846,1.599612233077
33,-16.9413433407,-19.003976964,1.4410998751613
34,-16.186483651299998,-17.714119777100002,1.4475120651677
35,-19.1561196322,-12.5062693323,1.4662219553729998
36,-17.7142049733,-16.0318072158,1.4541519489647001
37,-30.3970720926,-23.7642725616,1.4272530557436
38,-17.670470008,-17.7151656833,1.4456757151819
39,-26.2254004005,15.431281755899999,1.5976404755955
40,-20.6682743139,-12.5031484838,1.4649135555377
41,-26.228117703299997,15.4479267004,1.609119028483
42,-26.2394793976,14.5783473412,1.5852253914557
43,-18.4421979147,-13.8048167266,1.4612565569645002
44,-17.6815350913,-15.113316884,1.4598720944214
45,-16.9255195484,-13.8185191295,1.463646268082
46,-19.1878300299,-15.1009799669,1.4574936021194
47,-25.8622937988,15.6588729151,1.5976147001152001
48,-15.430596785399999,-13.810422504,1.4656306356682
49,-16.9368850595,-16.401429906,1.4522478849245002
50,-25.4903044924,15.009798962000001,1.5907255265690001
51,-14.6947251411,-20.3357168225,1.4350341492314
52,-15.436045826600001,-19.0158232823,1.4426300161469001
53,-16.165318030399998,-15.1126798247,1.4575612492777
54,-25.4876585223,15.8773846129,1.5915487651559
55,-21.4387822116,-11.2056286003,1.4688827587118
56,-19.1142178035,10.8630999489,1.5461972723036
57,-22.921288279,-11.1969325525,1.4686995699854002
58,-16.1817462097,-12.5094399869,1.4672443828739
59,-19.1042117693,10.863074862400001,1.5462272536783
60,-18.3729710055,9.57343307903,1.5389352981955
61,-14.6822296932,-17.7249272546,1.4475471827992001
62,-17.6282899201,10.8573513033,1.5377212927936
63,-18.4083531707,-16.4112906221,1.4528807568836
64,-16.9260316037,-16.4027079818,1.4522033606127
65,-20.6643324378,-15.1182675341,1.4556759261607002
66,-13.974267877,-18.9656638321,1.4448255372803
67,-17.6483332643,-16.875516644399998,1.4508709466478
68,-14.675250197499999,-15.1096942425,1.4590060263163
70,-13.9158846028,-16.399097098499997,1.4552108146651002
71,-22.8583598369,17.4020919058,1.5687697664478
72,-26.619247633399997,16.0988261352,1.601775978814
73,-24.3637200884,17.388618434,1.5838016526563998
74,-22.8657090735,17.393452496000002,1.5752071645706
75,-25.8662568339,17.4024209132,1.593705506307
76,-25.8580874965,17.410068310499998,1.5875075767975
77,-23.6079264583,16.0907660885,1.5805870449871
78,-22.1163424218,16.0865396578,1.5713469570969
79,-24.3682816046,14.794569561500001,1.5860194952888
80,-25.1118992683,16.1020908235,1.5909421417829999
81,-24.3623868158,14.8050082284,1.5847076725281999
82,-22.1143472264,13.4910821485,1.5616207726003
83,-22.8650382153,14.7909156821,1.5770565371718002
84,-22.8782145748,12.192869054099999,1.5627822929902
85,-22.8728869561,12.2025816812,1.5627827417802
86,-25.8765412603,12.1999736028,1.5756445650624
87,-24.3846395558,12.171980704,1.5698684927122
88,-25.8701044147,12.209113110399999,1.5756530977971999
89,-25.8707376933,14.7990768733,1.592769834899
90,-26.6231320883,13.5000748901,1.5917786521575
91,-25.122526932,13.4963338655,1.585445482773
92,-23.6192051545,13.494879012,1.5703848688912998
93,-27.3570834082,14.8173766036,1.5927235635694001
94,-27.3630000134,14.8082057364,1.5927195834599
95,-21.3739727416,14.803600404200001,1.5671910084535
96,-21.378830999500003,14.7935063179,1.5671882419757002
97,-26.2311710873,15.882010903300001,1.5910567961189999
98,-26.559295203199998,15.269962720199999,1.5909601102951
99,-25.858138083900002,15.2262769475,1.5867920947668
101,-8.66064225967,-7.34839690312,1.4936314198076
102,-8.6610007881,-9.93853462399,1.4878998079432
103,-10.154110517700001,-7.3260294986600005,1.49460740499308
104,-9.45350346378,-5.968598119219999,1.49786203487368
105,-7.16738502228,-9.9140164353,1.4875589276499
106,-4.918975189349999,-11.2462040346,1.4802895983935
107,-4.89917132692,-6.0483110150399995,1.49421413546244
108,-10.9029317168,-6.028472449980001,1.4983256502082098
109,-10.2155265295,-4.67671945759,1.50028012249582
110,-7.89274539603,-6.0364800132,1.4947174564315602
111,-3.41398840092,-11.2479135817,1.4810483835014
112,-4.90666852995,-8.644211193339999,1.4895090396013
113,-4.16321475713,-9.94989367908,1.4861177252968
114,-5.64051766092,-4.73448956156,1.49818649151352
115,-19.1598414645,-9.91407219019,1.4841212082852
116,-7.13546154014,-4.74952229108,1.49803002889768
117,-6.40166625014,-6.03740956297,1.49603521169585
118,-8.64327962082,-4.74255058351,1.499882649928865
119,-5.64802103015,-7.3421660792,1.49239333920899
120,-30.3970720926,-23.7642725616,1.4272530557436
121,-9.42372137227,-16.4071454682,1.4654481947777
122,-4.151445529169999,-7.33923556629,1.4912048640128202
123,-20.6479804149,-9.96323315758,1.4808266240124999
124,-19.926246346299997,-11.211583273399999,1.4772604638744
125,-13.187531084,-17.7120034578,1.4573744768588002
126,-19.9685792572,-8.59284846085,1.488566701176
127,-19.1622829286,-7.31626496248,1.49454387842868
128,-13.1722338262,-15.1326642845,1.4676381898601
129,-20.6492868019,-7.28581597885,1.492844213792
130,-19.9545868694,-6.02354843282,1.49891366060728
131,-9.41192397858,-8.63074515819,1.49145707281399
132,-4.1638504995200005,-12.5491646578,1.4772883743402
133,-5.66450651242,-12.547958464699999,1.4782360917744999
134,-5.69515979444,-9.86570642068,1.4851465703893
135,-7.16561980525,-12.5458003692,1.4791025715535
136,-30.3970720926,-23.7642725616,1.4272530557436
137,0.330672477777,-15.1688098737,1.465677012498
138,-7.90835516204,-8.643283257270001,1.49073882876878
139,-7.14918832489,-7.341231722270001,1.49279044925552
140,-6.39165459052,-8.64636954251,1.49065260417573
141,1.104013424,-6.0653536608300005,1.4872015345443002
142,-6.40966996302,-11.2424848905,1.4826840908132002
143,-8.66450370327,-12.5408454446,1.4795947744127
144,-7.910092283209999,-11.2401191084,1.4834262081706
145,-7.91683421579,-13.8401894395,1.4748897255555
146,-6.416047433529999,-13.848312470000002,1.4745660531855
147,-4.91837752835,-13.8469608662,1.4738079469762
148,-10.1660542818,-12.5425563316,1.4793078110934
149,-9.42172749993,-13.8382284892,1.4746012566898001
150,-9.41498884444,-11.2348095357,1.4837744394058
151,-10.1704196843,-9.95238737339,1.488872851224
152,-14.698049449,-12.4994149451,1.4756209869243
153,-13.9104123129,-13.832626439899999,1.4714543194179
154,-12.427074235500001,-13.8452020646,1.4729354484783
155,-13.1834111328,-12.5193527233,1.477147879946
156,-11.6459089179,-9.915903542219999,1.4889697919625
157,-12.395029488399999,-11.228764409,1.4822968240729002
158,-10.9186656054,-11.238217863300001,1.4838347500719
159,-16.925219869299998,-8.621540679899999,1.4890380776965
160,-16.164464999,-9.91498072215,1.4857933775910002
161,-15.4216813191,-8.622425550500001,1.4912343917048398
162,-13.831476197899999,-8.640645751100001,1.4906614818549
163,-15.415855647899999,-11.221054303299999,1.4802233360879
164,-14.6956442138,-9.93683125753,1.4809278673945
165,-13.8955797617,-11.240252717999999,1.4807680404383
166,-13.1796333637,-9.94114625575,1.4863295196633
167,-10.1762467129,-15.138716144,1.4687101444816
168,-11.644454116999999,-15.1398792444,1.4686992493021
169,-10.9226479805,-13.836647211499999,1.4740441592909002
170,-11.6838654014,-12.5454552258,1.4781757512017
171,-11.640243801799999,-7.3318369830600005,1.49485502330956
172,-12.4107747719,-8.630292985550001,1.49146429931031
173,-10.9079944791,-8.660082378110001,1.4927572342264601
174,-13.2079868928,-7.38442863248,1.4962744146370301
175,-14.593079530999999,-4.77318088611,1.5021563100674
176,-13.9673678856,-6.02837125499,1.500109169706833
177,-15.4051561148,-5.98504114,1.4998238987972041
178,-14.7364280923,-7.37606999041,1.4958603387103502
179,-12.4181708564,-5.9811760324200005,1.4994738611585932
180,-18.4468477383,-11.262557754400001,1.4777946918055
181,-17.658483467499998,-9.9266289443,1.4855191637657998
182,-16.8920487671,-11.203848158500001,1.4795699270509002
183,-13.121981122200001,-4.8086293516100005,1.50277151691831
184,-18.5102363027,-8.631782542340002,1.49083710653117
185,-6.40116168201,-8.643152757980001,1.49003745539535
186,-7.15995210974,-7.34397655431,1.49303522180204
187,-18.4281542892,-6.03117299188,1.5021232120109
188,-16.8691802867,-6.08515172086,1.4990097484034262
189,-16.0998279227,-7.28503647626,1.49490390883727
190,-17.660187752400002,-7.3115497003500005,1.49539945960626
191,-7.17335126662,-15.1406332186,1.4699142958592
192,-8.72448841679,-15.1370230819,1.4695223371843
193,-7.83390735634,-16.4492553928,1.4647873209988
194,-5.67070013913,-15.1432702051,1.470258979606
195,-4.92452899738,-16.4405108849,1.4655159099205
196,-10.932649010499999,-16.4266240096,1.4647131926397998
197,-12.4305109305,-16.4240141736,1.4629002679585001
198,-6.4312813126299995,-16.4488014341,1.4660749366749999
199,-10.175686406,-17.6863518653,1.4588547041193
200,-7.17987255564,-17.7344713868,1.4590511584052002
201,-8.69783099146,-17.6992583919,1.4604924209287
202,-5.67919327632,-17.7332018872,1.4588854413725
203,-7.894281244699999,-3.43610794152,1.5017726306747499
204,-6.3931337066400005,-3.44617354296,1.499036263706334
205,-9.40114571221,-3.4361032304,1.50289230489581
206,-7.1402924022,-2.15165868116,1.500434505033243
207,-1.16136545774,-9.95506472957,1.4837209488223
208,1.8393602653099999,-12.573719295499998,1.4715923114212002
209,-3.39752386258,-6.054127032659999,1.49220396611604
211,-2.64372484827,-4.75377806168,1.49351568735338
212,-4.14638257799,-4.75170234011,1.49533845074256
213,-5.6379738472600005,-2.1534117253700003,1.49805680819362
214,-1.8978802271300002,-6.056728720410001,1.4930231908288598
215,-4.88953997345,-3.44973225878,1.49803245493605
216,-4.13873193908,-2.15951161428,1.50132225941087
217,-3.3871066877600002,-3.4575102657000003,1.49633174992559
218,-2.65052401954,-7.3550272974999995,1.4898258738046999
219,-2.6500638417899998,-12.5574686889,1.4765095015804
220,-1.90963686683,-11.260274607400001,1.4798434784963999
221,1.09780808183,-11.260826442199999,1.4762136376232
222,-4.16807114543,-15.1555290845,1.4689371739748
223,-2.6566441467599997,-9.955543412339999,1.4836932546136
224,-2.67124526337,-15.159710592900002,1.4685586566638
225,-1.1615962423900001,-12.5634394846,1.4767918753856
226,-1.90587324495,-8.658771689429999,1.4856596660764
227,0.339062404065,-12.5684547017,1.4741585923681
228,0.31456224143100003,-17.7580501417,1.4583933722873001
229,-3.40455983982,-8.64536791439,1.4882648403181
230,2.5981525100700003,-8.670826199179999,1.4781491254673
231,-1.91608034794,-13.8596447364,1.4723166997825001
232,-3.41737044774,-13.8555850596,1.4736186963858
233,-0.41058379284,-11.2630465277,1.4787308627417999
234,-0.40525554229199995,-8.66025474908,1.4843391570281999
235,-1.15175313073,-7.3469190945700005,1.4886113902396
236,2.59327451962,-11.2697223539,1.4746857327609
237,0.344781652949,-9.97016881321,1.4810335646873
238,0.348096590175,-7.359584694920001,1.4859211060069
239,1.8458978372700001,-9.96840768475,1.4769888738624
240,1.09917990347,-8.66770983324,1.4820772662736998
241,-1.17127980004,-15.1573241796,1.4674255664612998
242,1.09686043778,-13.838949585799998,1.4683950032913
243,-0.417139767536,-13.8552428163,1.4708100905599
244,-1.14270080358,-4.76101261013,1.4913852249122899
245,-0.421665584634,-16.450296047,1.4636252281767
246,-1.9247438319,-16.453080044900002,1.4632319152286
247,1.8517942405599999,-7.37001828951,1.4829400438751
248,-0.39273459443299996,-6.06042757479,1.49659958207016
249,1.0766171815299999,-16.4648064877,1.4624208410927
250,4.83314287403,-15.1822537847,1.4597347211386
251,1.10986008941,-3.46839030846,1.49067754801763
252,1.85829663384,-4.77189758289,1.4880889400113002
253,-1.14102234566,-2.17287745987,1.499896784130023
254,0.356899491766,-2.19278921421,1.49341190137135
255,3.33179491813,-15.1767456475,1.4624675641786
256,2.58531226126,-13.875720193400001,1.4685357883988
257,1.83610173743,-15.170771160800001,1.4650569623951
258,-2.63915857829,-2.16252968057,1.5023469492659
259,-1.8910239663,-3.45218412744,1.4944628469997299
260,0.35695604432800004,-4.762920751609999,1.4896760458694
261,-0.394908569781,-3.46575001102,1.49317321340237
262,4.08598637747,-13.878421575099999,1.4645261077769
263,3.34080621698,-12.5722838532,1.4696362430996
264,5.57927836544,-16.4705778729,1.4563596467511
265,4.08011441377,-16.4718293689,1.4592701015559
266,-0.427725242159,-19.060831199299997,1.4553047061743
267,2.57921956318,-16.464806062799997,1.4601307787446
268,6.32598228114,-17.771522980900002,1.4532305325901
269,1.8232877510799999,-17.7620790485,1.4563695990932
270,3.3044734816,-17.775374787,1.4545878269274002
271,4.81441721193,-17.7213404591,1.4524489165905
272,1.070929421,-19.0625809127,1.4522739822337
273,-1.9299330902,-19.0558794893,1.4546522750254
274,-2.67775336469,-17.7508577717,1.4593598553890998
275,-1.17496549281,-17.751816853799998,1.4598704512311
276,0.317104550821,-20.3651214611,1.4488972797183002
277,2.57382831134,-19.067939746100002,1.4512990725001
278,4.07265148825,-19.070915981499997,1.4500502464843001
279,1.8174075936,-20.3601898179,1.448412361855
280,-1.93773138818,-21.6562929454,1.4439344671775
281,-1.18554840469,-20.354085315,1.4487704551435
282,-3.45810952666,-21.7149437946,1.4437721785452
283,-4.92946108583,-19.045194165799998,1.4554235307417
284,-2.6860819124,-20.3522098068,1.4485216447978
285,5.5720196917100004,-19.0754770662,1.446294434531
286,4.81952619455,-20.373450151,1.4428999860121001
287,3.31414312901,-20.3810575285,1.445544195878
288,1.0634171356700002,-21.66427305,1.4426626965129001
289,2.5602709516599997,-21.6697624145,1.439909331827
290,-3.42890039802,-19.0532012889,1.4486314109576999
291,-0.435019062606,-21.651497627199998,1.4431999333613001
292,-4.18569226532,-20.3494998288,1.4494335710892001
293,-4.19872667254,-25.551903263299998,1.4250960799401
294,-5.69604080139,-25.5475204494,1.4275038386179002
295,-4.17564221507,-17.7557074141,1.4598426443213
296,-6.440860224330001,-21.6475106084,1.444200596233
297,-4.94020010035,-21.649697305999997,1.4443102324777999
298,4.07883953078,-21.6789423327,1.4381387364484002
299,-5.68677531233,-20.340456518099998,1.4485623286795999
300,-11.705444454799999,-25.5280765288,1.4245651975944
301,-4.94538632316,-24.249133630699998,1.4316536471007
302,-7.19793824123,-25.5452889424,1.4253267160147
303,-6.4469027164099995,-24.2453239202,1.4321690168746999
304,-6.38482704833,-19.0638770934,1.4553384228964001
305,-7.935129620200001,-19.0469176502,1.4550912437371
306,-10.1937885888,-20.3463297255,1.4498101984486
307,-8.68614361545,-20.336122808,1.449121242767
308,-10.9367613349,-19.025174598099998,1.4539816214868
309,1.05373814666,-26.8621357882,1.4185487683197
310,-9.431670616109999,-19.0313422894,1.4539531728547
311,-7.941068336590001,-21.6451738635,1.443769426244
312,-7.19993965818,-20.3521236301,1.4502584177681999
313,-8.69602264662,-22.9394871433,1.4398181187748
314,-3.4467313857499997,-24.249006755,1.4319487461992
315,-9.44249807017,-21.6351326022,1.4443102857894001
316,-3.42391654442,-16.4511020773,1.4632692782266
317,0.30847017956899997,-22.986404032400003,1.4370813710469998
318,-19.9346841072,-19.0022240033,1.4456335869709
319,-7.194762786229999,-22.9424384169,1.437565095259
320,-19.933485677100002,-16.4098975487,1.4568364145185
321,-18.461202736,-26.8178123304,1.4141611850976998
322,-17.708582442399997,-25.518402749600003,1.421200301659
323,-18.440909606199998,-19.0123902286,1.4471809943459
324,-5.693944633,-22.9559831878,1.4403205884727999
325,-9.43453099297,-26.8269584765,1.4181658215842001
326,-4.19456913008,-22.948229764799997,1.4399193113492
327,1.8051631756300002,-25.5647142423,1.4243296217974
328,-10.195807543599999,-22.9375743776,1.4376768316887
329,-8.705311751350001,-25.543504244399998,1.4257371732601
330,-10.2031999374,-25.534686398,1.4254452686845
331,-7.9558306902,-26.8459960493,1.4186586433719002
332,-11.6897054639,-20.3268785303,1.4475095868369998
333,-13.189602789299999,-20.3213527531,1.447375841442
334,-10.950410788200001,-24.236939194599998,1.4310672379497
335,-6.45044609832,-26.845309614199998,1.4121892982078
336,-4.95211359027,-26.8505378993,1.4196748184082
337,-10.9552663219,-26.8391467071,1.4183768930865999
338,-22.2059766235,-17.6984495094,1.4470632186380001
339,-9.44806312241,-24.2273648388,1.4310928923983
340,-7.94676139866,-24.242999942999997,1.4328477781526998
341,-10.9430530567,-21.6327320979,1.443043658878
342,-12.4431914515,-21.628162049300002,1.4419926703671
343,-11.697439902,-22.9348566109,1.4355828716313
344,-13.9438107372,-21.624729584100002,1.440384397049
345,-1.95161327876,-26.859310280000003,1.4173894413368
346,-21.470852313600002,-24.1646524776,1.4199495525196
347,2.55813577897,-24.2645442596,1.430287191767
348,1.05953840354,-24.263874658699997,1.4310041831894
349,-2.6738466938800003,-25.5129258668,1.4244030356559
350,-3.45313940575,-26.858843221399997,1.4185160924202
351,-1.19569617524,-25.553532755200003,1.4245177534218998
352,1.80205186315,-22.968300766200002,1.4370300118779
353,-0.449135231376,-26.8634338809,1.4167044027513
354,-12.4326071276,-19.02864145,1.4524345423540999
355,0.303931563741,-25.565375116,1.4243648417599
356,-11.7554969805,-17.6656595356,1.459569794876
357,-2.69365325705,-22.9533380482,1.4367102375447
358,-1.94414377887,-24.257377680199998,1.4303009526005002
359,-0.442927272243,-24.2658936766,1.4334890245163998
360,-18.4557834033,-24.213154368300003,1.4234294178964
361,-19.9560215444,-24.211979569300002,1.4213424179464
362,-1.19128234486,-22.960373154600003,1.4368117714536999
363,-21.4252742768,-16.391640992600003,1.4540232640907
364,-20.703660429200003,-22.9108442984,1.425784195848
365,-20.7079674766,-17.7266666587,1.4488673714206
366,-21.444016872,-19.0052730772,1.4429550707507999
367,-19.223183450500002,-22.9313289965,1.4277779948159
368,-22.2117930469,-22.903364786999997,1.4257942200954998
369,-19.1890679389,-17.7074511665,1.451845126271
370,-21.445844906599998,-21.607964595400002,1.4307064418775999
371,-22.9529462081,-21.610269375700003,1.4291501167944
372,-22.1686989808,-15.0814425801,1.4582788259911998
373,-24.4385713319,-16.4141227976,1.4500858046772
374,-19.194153009900003,-20.311964416899997,1.4404528023251
375,-16.946277132,-21.6176630555,1.4376475241642
376,-18.4471778771,-21.6124478624,1.4357664491428
377,-23.6899260323,-15.096278664900002,1.457702176804
378,-19.208657070199997,-25.51431562,1.4167612115018
379,-20.710174752300002,-25.5102702995,1.4136749590944
380,4.1119604133,-3.4668277837300003,1.4853911198538001
381,2.60097549824,-3.46112016146,1.4882883186809999
382,3.36635678014,-2.18222827706,1.4872383162637
383,-13.1999275916,-25.5349548226,1.4237436632249
384,-16.203327154500002,-25.523899973,1.4221845047556
385,-14.705102676500001,-25.5300323846,1.4213251842779
386,-12.4579205803,-26.833072575099997,1.4169582166355001
387,-13.9586559389,-26.826661594500003,1.4175516317702
388,-25.1938269545,-17.6962001452,1.4440021212032
389,-23.6979333397,-17.654709503099998,1.4456731686845001
390,-17.6951567746,-20.3149704653,1.4418622641631
391,-20.697058458,-20.306431139100003,1.4372269042521
392,1.8592345394399998,-2.1765211463000003,1.49090684012322
393,-22.9386469057,-16.3757559752,1.4529880386865
394,-16.1908521259,-20.3198623152,1.443657339658
395,-22.9830878419,-19.0000541104,1.4409876367913
396,-16.188906720000002,-17.7070109947,1.4552757800507
397,-19.191252030700003,-15.1069566998,1.4624291587943001
398,-24.4417161638,-18.9974902095,1.4390697402116
399,-22.195406072999997,-20.3050774156,1.4357198552064
400,-17.6765836254,-15.113389232400001,1.4639856559858
401,-23.6952864993,-20.3021958732,1.4332704711292
402,-19.9480457712,-21.611123394499998,1.4333795280177
403,-13.9755654559,-18.9605843964,1.4538479090214
404,-20.6689799524,-15.109323206900001,1.4610521918094
405,-15.437411006300001,-19.0096309921,1.4509552946717998
406,-22.8987112961,-13.712184946699999,1.4634136164743
407,-22.170934549800002,-12.5012231571,1.4690977888245
408,-14.7003790349,-20.3384969465,1.4452523250103
409,-23.675634861499997,-12.4847152605,1.4689095379394
410,-14.685547014600001,-17.7190299543,1.4563860509011
411,3.35976964609,-4.767925486909999,1.4847985479591
412,-16.9449675364,-18.996776362000002,1.4487618395518
413,2.6074212171999998,-6.0682638514,1.4867919257586
414,-16.943443724,-16.3947404152,1.4604277971648
415,-18.409421238399997,-16.419338138,1.4588069459814998
416,-17.6738186599,-17.7088562746,1.4538740886983001
417,-19.925450137,-13.8100294892,1.4677400237809999
418,4.10685584884,-6.07064890112,1.4813414709844002
419,-13.1971529325,-22.927221075099997,1.4363675753123
420,4.86158347451,-4.775240364319999,1.4803764366826
421,-22.9226342385,-11.2023630035,1.4746752216793
422,-14.6974597758,-22.9236858746,1.4341939381045
423,-21.4227096569,-11.2042492503,1.475059165649
424,-20.672001875000003,-12.5078861875,1.4721322250758
425,-15.4444588285,-21.6208683793,1.4392449298485999
426,-24.422926998300003,-11.1987912852,1.4723005663015
427,-16.9534605744,-24.2235264498,1.4271945321408
428,-4.20139575657,-28.1441587166,1.4054881152093002
429,-17.7001591055,-22.9188256157,1.4309756100305
430,-5.70189827256,-28.1396998998,1.4063845143445999
431,-13.9495136063,-24.2267790448,1.4297096469575998
432,-16.1982685768,-22.9201139877,1.4332967326559
433,-15.4526356546,-24.224507871300002,1.4280383736419
434,-12.4506692953,-24.231919461900002,1.4309378820316
435,-16.924334384199998,-13.8227968636,1.4692201431190999
436,-14.674486633,-15.129844975300001,1.465949900246
437,-15.4230070048,-13.8221624867,1.4719134907012998
438,-13.9345100002,-16.425177434400002,1.4635229322092
439,-16.2119816698,-28.1163525351,1.4095269621024
440,-16.958189046799998,-26.820833038900002,1.4173661671505
441,-15.455263343299999,-26.8226900612,1.4175520975069
442,-14.7111665156,-28.1199949811,1.4116441838176
443,-11.7105429902,-28.1266778432,1.4115613610989002
444,-13.2105232732,-28.1218710566,1.4126661717276
445,-13.9631504849,-29.4222221354,1.4053606687852
446,-12.4626801177,-29.417385231100003,1.4064472422398
447,-21.426602174299997,-13.8061814163,1.4649686092186
448,-16.1758190173,-15.1181462354,1.4657917159884
449,-17.6689132796,-12.5144155047,1.4752535125779
450,3.35253330211,-7.36750784682,1.4811714958842002
451,-15.4299895987,-16.4173231372,1.4511652212142
452,4.85625618915,-7.3756889684199995,1.4771956391081
453,-16.1698460967,-12.5207213918,1.4746023548435
454,5.60869257208,-6.07289135039,1.4773970112284
455,4.09379389491,-11.274273349200001,1.4703421099216
456,4.84324323687,-9.9589950468,1.47247396982
457,3.34587102156,-9.97155856514,1.4741342604836
458,5.6009965607900005,-8.67908589402,1.4727603379204
459,4.1021756525,-8.675339094029999,1.4763740238636
460,6.32826821041,-20.3756416657,1.441606224599
461,5.5698817074099995,-21.6762143363,1.4361017280994999
462,6.31756872413,-22.981151484,1.4288131631427
463,4.05849684914,-24.2720455982,1.4277413545695
464,7.06919145422,-21.680460043300002,1.4336136947007998
465,8.57557344503,-19.0809919879,1.4430611856374
466,7.8226995630700005,-20.3793807016,1.4411686387793
467,3.30177528023,-28.152082451400002,1.4025714482282998
468,2.5518004026499996,-26.8722575927,1.4168331265696
469,1.80197301709,-28.1618453711,1.4037174854288001
470,-6.452488397240001,-26.846568462,1.4200619942153
471,7.0789083566099995,-19.079287783799998,1.4462405595569001
472,7.8208644714,-17.7697481214,1.4493498569224
473,4.81406277793,-22.9744006254,1.4306378311696
474,5.5595831266,-24.2777472868,1.4250992843243
475,3.3192824616500003,-22.9603959138,1.4348402345135
476,4.04993036284,-26.8796793695,1.4154674599186998
477,5.564144478219999,-26.885102781,1.4122448092352
478,6.30917113594,-25.5775797531,1.4162866368635
479,3.30542494855,-25.5719205684,1.4229903845435001
480,4.80960073176,-25.5742962557,1.4197751921611
481,-11.6507825085,-4.72752459028,1.5003555835602669
482,-12.3959712861,-3.42842618775,1.50415593108133
483,7.09037043283,-16.473169494,1.4536841022235998
484,-13.8915225741,-3.4034540507199997,1.50403151659166
485,-10.8989723492,-3.4348208607400004,1.5046825742502898
486,-14.6481158163,-2.12887330048,1.50922557836071
487,-11.643591652200001,-2.1405949348899997,1.5068159117036901
488,-13.1435945173,-2.13741651396,1.50822617478667
489,-15.384650307800001,-0.885890999768,1.5108785190546
490,7.83778118198,-15.1854513788,1.4547965290357
491,8.57754720739,-16.4717863889,1.4502934902826001
492,9.32884288175,-17.7838027702,1.4442459066624
493,10.083783860899999,-16.482164881699997,1.4454160288945
494,9.34376638765,-15.188776247,1.4505428601994999
495,8.589285416700001,-13.889529726700001,1.4565931129165002
496,10.8372770894,-15.1952635268,1.4471077010413
497,6.33543369666,-15.191288725300002,1.4579395862536
498,4.840744486429999,-12.5813691853,1.4667075300995
499,7.097787053639999,-13.8980151765,1.4591062997228
500,11.5901082931,-19.0783227079,1.4342000210651
501,5.58567597157,-13.8828335005,1.4614209417196
502,-4.13180359646,0.444452025835,1.50271794583682
503,-0.374966171284,1.73059026961,1.49743347018138
504,-0.384556972275,-0.858340899062,1.4955304844749802
505,1.12582127467,1.72815228791,1.4943259121258399
506,0.370318641315,0.437437543039,1.49406421596506
507,12.3589130875,-7.39110950288,1.4580860391188
508,9.35473879005,-7.38360130347,1.4663216437813
509,-3.3751484762,1.74379708222,1.500789038830981
510,-1.1297924081700002,0.43807311548899996,1.4963949788151398
511,-1.8745999849800001,1.7380178780000002,1.49853733674083
512,11.573437196499999,-21.692357472399998,1.4246391609286
513,11.5914630493,-13.899217245100001,1.4485787457434
514,7.10213638009,-8.68037876629,1.4704256802628
515,-3.38506258502,-0.854636178135,1.499225484730726
516,10.820751075599999,-22.9915276787,1.4228736050172
517,7.06012284316,-24.27475301,1.4148081535904
518,8.56961250653,-21.6847189998,1.4312521519735
519,10.0717262885,-21.6890952197,1.4297450501395002
520,7.81508295871,-25.575324847,1.4075704639404
521,10.8506035708,-9.990144718109999,1.4584141856799
522,1.11744565736,-0.866796616514,1.49283315755863
523,-2.6252129495,0.441658686027,1.4984851180487302
524,14.5884359936,-16.4930937028,1.4274566943356999
525,-1.81988109815,-0.866923309585,1.4967016097472898
526,13.0848279602,-16.489230353700002,1.4379243145776
527,10.067473400299999,-24.291049593,1.4087533692781
528,8.59332225732,-11.300226007100001,1.4613668670003002
529,10.096593655000001,-11.2900191554,1.4594754128746
530,7.81809476763,-22.9794994294,1.4269485676904001
531,9.315646551010001,-22.987700016399998,1.4262001631585999
532,6.34640165699,-9.98457664042,1.468867053362
533,8.57187825449,-24.2868349228,1.4119719164168
534,7.09420315054,-11.292146451299999,1.4657623675662002
535,-12.3905625914,-0.838448534353,1.50816547388512
536,-13.888749621499999,-0.836876538641,1.510083387945
537,-10.8896173674,-0.841888490651,1.50535057312547
538,6.33622237461,-12.585570028300001,1.4636706335063
539,7.84092818764,-12.5923233168,1.4594071778773
540,5.59135588841,-11.277620073100001,1.4682206731154
541,11.6044523551,-8.691392654089999,1.4587569521875001
542,-9.38838189309,-0.841486727447,1.50181386926905
543,8.60638798279,-6.07919300476,1.470244927678
544,11.631836699800001,-11.300769870100002,1.4541547326043
545,-5.630601582170001,13.4568802355,1.49552714880904
546,11.582861818400001,-16.4845790352,1.4438969745705001
547,12.345035581,-12.598782279,1.4480864201439
548,-8.639122349139999,-2.12835060501,1.5010107870859
549,7.109338397839999,-6.07868218389,1.4726073227509
550,10.8301270874,-20.397766815399997,1.4322679193997998
551,-15.4351613494,1.77075724718,1.5130417624927
552,9.325011755310001,-20.3829465905,1.4366803957737
553,13.0786011903,-19.093419132399998,1.4292000084692
554,10.0902868721,-13.8929812352,1.4520505142835
555,10.856343416600001,-7.39010566117,1.4620081064180999
556,12.324585241500001,-20.392847516699998,1.4277646202415002
557,10.0752199133,-19.0863230567,1.4389054854942
558,-13.1353801462,0.464882535468,1.50918533267034
559,8.60212116638,-8.68249641238,1.4660186153285
560,-14.6354519606,0.46680891948200004,1.5129938651826
561,13.8454270872,-12.6023333082,1.4441329641978
562,6.35558543642,-7.37626459536,1.4734589252312
563,-17.6385534026,0.475041634609,1.5180554569274
564,13.098066707300001,-11.3001808782,1.4496470602089
565,-11.6391269098,0.46227546875799996,1.50717757002415
566,10.8446400713,-12.592960053799999,1.4521518977233
567,13.8324340534,-17.7958742748,1.4316759434972
568,-16.1383152306,0.471754065392,1.5152227927059
569,10.821699849,-17.787687579099998,1.4408199782293
570,9.340743448069999,-12.5873613675,1.4573495682525999
571,10.106449393,-6.08757578224,1.4673593210240998
572,12.3316068981,-17.779295441800002,1.4365365367611
573,7.8524507870199995,-9.983129929250001,1.4659651948387
574,9.35079692791,-9.98861690856,1.4623185833463002
575,10.102785386899999,-8.68601912384,1.4634362680839
576,7.856361573309999,-7.38244758688,1.4699419406963
577,-18.3860717478,1.77909764948,1.5183860645592
578,11.6086428368,-6.0872977603,1.4636157973432
579,12.349615033,-9.992779652240001,1.4535173746168
580,13.1050688411,-8.69670369999,1.4542267903511
581,13.8524802586,-9.99692924861,1.4511779973094001
582,-10.1625926167,-2.24004436971,1.50520995312895
583,-30.3668192369,12.2101739016,1.5828038728829998
584,-19.8849338733,1.7934180665700001,1.5215912442716002
585,-34.1240241116,8.32464764359,1.5570188660708
586,-17.6296521134,3.0796687579600004,1.5198119095479001
587,-16.8860575011,1.77877312463,1.5161382487686001
588,-23.636919000000002,5.6950559397500005,1.5427798493634
589,-21.3903283132,1.7889926679200001,1.5217580505297001
590,-19.1748149718,0.521896159294,1.5175242252527001
591,-28.124440862799997,8.30987972372,1.5592655771408999
592,-21.3676298671,4.3297081218699995,1.5311715221776
593,-16.0136488929,3.1804862617,1.5202386028367
594,-20.6292128962,3.08697034654,1.5262441233113
595,-22.890864518999997,4.40376598875,1.5352228507744001
596,-19.1381509371,3.0819657062299997,1.5231386468472001
597,-29.615626516699997,10.9036674535,1.5737260353673
598,-22.1401818278,3.08536058322,1.5284257252028002
599,-28.870461849399998,9.61413069683,1.5650585144037
600,-33.381983787500005,7.024735010780001,1.5593795694315
601,-31.8773295908,12.2113632743,1.5866511067528999
602,-28.867708281,12.1999649544,1.5828252572669002
603,-31.120920566000002,10.9342995361,1.5701859137442
604,-16.8106549967,-0.8528315073720001,1.5129788037039
605,-31.1169547622,13.5128441237,1.5895881804888
606,-28.121152845199997,10.9028167378,1.574872568352
607,-29.614252192600002,16.1067986617,1.608460892098
608,-28.865194963900002,14.8018539817,1.5987519140566
609,-29.6175447059,13.50695469,1.5926899713856
610,-35.634600667899996,5.72811513568,1.5784792255062
611,-30.3780544095,7.013777584600001,1.5481458358228002
612,-27.3643012863,9.612861438989999,1.5677912520730999
613,-26.6283868468,8.307031585750002,1.5607320500919
614,-33.3794341393,9.62752078132,1.5637344731044
615,-30.3636782614,14.8074341654,1.6021207694289998
616,-30.374413826799998,9.61879404698,1.5606959371728002
617,-31.8826018394,7.01949083563,1.5564261844067
618,-32.6258963872,8.31874219811,1.5505851658076002
619,-31.1304407071,8.31164438623,1.5531487227936
620,-34.1358533771,5.7257400929,1.5713275175665
621,-31.8926156879,4.42596419982,1.5664707336608998
622,-28.8823861637,7.03169795634,1.5462049052717
623,-29.6286985693,8.31399427296,1.5539589136735001
624,-30.3676505993,4.404811109590001,1.5577782229843
625,-34.8683928727,7.02166200403,1.5627710029591
626,-27.3931822815,4.399568031679999,1.5415119841959
627,-33.3867651693,4.41894369685,1.5767299175596
628,-27.3787050215,7.009521470519999,1.5513224316642
629,-25.128590257,5.7026501719,1.5429282620765
630,-32.6325685342,5.7169523733,1.5671531313543001
631,-31.1281977565,5.717447678589999,1.55180173261
632,-28.1337667537,5.7096704132200005,1.5453511247311
633,-31.8749380438,9.62024922513,1.5579311900598
634,-25.8819523365,4.40515758602,1.535481037489
635,-23.6110152219,13.492483628899999,1.5782703066463
636,-24.3846518567,4.39894002373,1.5368475839112
637,-28.889538072799997,4.4073700664899995,1.5487734001909
638,-29.6372812353,5.71018140028,1.5469707044829
639,-28.114403012,13.5006760371,1.5959770014694
640,-25.871629532300002,7.00186160414,1.5530636047436002
641,-26.6341518139,5.71247005865,1.542388363981
642,7.11957731909,-3.47482322257,1.4767521611005
643,-25.1117998598,13.4956053223,1.584889209892
644,-36.3942255017,4.43131333683,1.5918921319097998
645,7.90222661161,-4.80159287573,1.4745382050512001
646,5.6122276813,-3.4648032395999997,1.4817600844068
647,6.36373031531,-4.77023020432,1.4782700951557
648,-34.9046368445,4.42975332233,1.5863975756635
649,-31.1301263922,5.718180117969999,1.5598617727327
650,-26.619461347799998,10.906163534200001,1.5778023127313
651,-26.6119972898,13.498404900199999,1.5912985979876
652,-22.121144241499998,5.68865782195,1.5380854725342998
653,-23.615635194499998,10.8937379196,1.5682168366723
654,5.61574767566,-0.876184212756,1.4824506780955
655,-22.8797489996,6.98690576027,1.5452788383837999
656,-22.1147050877,10.8846642,1.5624758110389
657,-22.1087700564,13.483650432300001,1.5696159121096
658,-25.120556007300003,10.8999090955,1.5735044124291
659,-27.366083613300002,12.2025763379,1.5874209892539
660,-25.8680841286,12.199058682999999,1.5844906686346998
661,-25.8723758053,9.60957381489,1.5686041829947002
662,-23.6085656717,8.28548399842,1.5544267865474
663,-24.3759058047,12.172204994100001,1.578311479822
664,-22.8705808451,12.192545770599999,1.5712103230367
665,-22.1187978172,8.27718012822,1.5495807449255001
666,-24.369780912499998,9.6054692219,1.5629705074618
667,-19.171881733400003,-12.514768566299999,1.4732479815086001
668,-18.4421796444,-13.799232941,1.4702387893008
669,-25.101952047300003,16.1018547221,1.5905418386934
670,18.3765480571,0.397146543288,1.4410096774071002
671,-25.1162618115,8.307270747779999,1.5589372438666
672,-22.868951519,9.60198079162,1.5582360873558
673,21.3801839212,0.379526631921,1.4350319145063
674,8.61177147874,-3.46430349424,1.4738601422173
675,6.35858412111,-2.16703073078,1.4800753829152
676,9.36031719837,-4.775937943810001,1.4710769810677
677,26.6457429953,4.28078745991,1.399583882265
678,25.9032426473,5.5815177587300004,1.401699694269
679,10.1171170767,-3.4953517556400002,1.4694559267985001
680,28.156652316299997,6.8695747140000005,1.387761213718
681,4.864620588689999,-2.1770363139,1.4833846305872
682,27.417640926700003,10.7636669402,1.38435647015
683,7.13920261508,-0.872506241822,1.4782699145047
684,-24.3421750589,19.997159418899997,1.5725345360957002
685,-24.355567935,14.7944718577,1.5792181502995999
686,10.8649938411,-4.79025411701,1.466323692401
687,29.6492474425,9.47292109749,1.374020332969
688,-26.6084552216,16.1004430758,1.5989968236366998
689,-23.5964690095,18.697606558799997,1.5748476572445
690,-22.8412557677,19.996851497799998,1.5638895867045
691,9.37331423548,0.41469606696300004,1.4723681257593
692,8.63314030213,1.72270666646,1.4737016863073
693,-25.097599665999997,18.6954846599,1.5841215233552
694,-22.100444901,18.6908430028,1.5646494366971
695,-24.3523199417,17.386930783700002,1.5845297541932
696,7.86663754462,0.418180013442,1.4761514458935001
697,10.8801023911,0.400665240072,1.4673698423926
698,-25.855697833900003,17.39946276,1.5937663578530001
699,-28.1022489453,18.704679547700003,1.6041408495610001
700,9.38144077414,-2.1979580441500004,1.4707398127244
701,-28.1031724964,16.1010888481,1.605743119085
702,-27.3525676445,17.3995409134,1.6031010510850001
703,-26.603505443499998,18.697573079599998,1.5953503456361
704,8.62401708992,-0.879397559311,1.4743065868221
705,7.8671783592499995,-2.1836680777299997,1.4757095497515
706,29.668296707699998,12.0551147559,1.368410080846
707,-23.5972084994,16.0899933699,1.5824286277182
708,25.9092926727,10.7596787732,1.394540558777
709,10.1249333793,-0.890031844625,1.4712420209772998
710,-27.3541959439,14.8073690006,1.599569326946
711,30.416580075400002,10.7579644602,1.366957335095
712,28.9164074639,10.759526681999999,1.375663299865
713,-22.8552084196,17.3921072703,1.5759184373141
714,13.1288662534,1.70316050484,1.4593474915096
715,14.627979752,-0.899180645932,1.4565644008751002
716,10.8723167263,-2.17878931355,1.4683024241149
717,13.115128801400001,-3.49320592165,1.4593242621099
718,11.6248703523,-3.48402982119,1.4649157208693
719,13.8727093678,0.397061575718,1.4589707977336
720,15.3785412507,-2.1946210379399997,1.4551360393127
721,10.1370117778,1.70975432504,1.4701852588756001
722,12.3843856368,-2.19014209883,1.4637854474396
723,11.6285877829,1.71058102368,1.4651833884261
724,13.122541439799999,-0.898541553559,1.4625651386193
725,11.6197357207,-0.8939960716,1.4641467687865999
726,12.373059539,0.413345752704,1.4627911616194
727,12.369679084900001,-4.78254804933,1.4633824617183
728,13.8726388307,-4.7969981688,1.4562037784419999
729,13.8810497216,-2.1985839152,1.4581449627629
730,14.612180092000001,-8.69285415298,1.4487417061851
731,15.381164269200001,0.39298274609100003,1.4545963121979
732,24.404919215000003,5.57429590378,1.4089773438002
733,14.6302751973,1.69863931993,1.454925792646
734,-25.8597545831,14.7987107282,1.5934751743594
735,16.1323839664,1.69425635773,1.4501293211417998
736,-22.854517972500002,14.792049452699999,1.5768215520192
737,28.1700076528,12.0671078917,1.3763418558579998
738,25.1616108692,9.47006810233,1.399731720977
739,22.8997620484,5.57833891173,1.4170881027805
740,26.6618408362,6.86434651628,1.3958222002929999
741,22.148086781900002,6.88694574102,1.4168262421566
742,16.8759818132,-2.21237056534,1.4494885989936999
743,27.4053054845,8.173618736129999,1.389836774251
744,24.410373047900002,8.17734557058,1.4059813707988
745,22.9015397607,8.18303705564,1.4118528162476
746,16.9931192629,5.47513369134,1.4416653824184
747,13.1074951829,-6.0899523033200005,1.4590029910015
748,27.397055964499998,5.56734719576,1.393788626932
749,-14.632708067600001,3.07010332123,1.5153760521884998
750,19.9073381638,5.5862980567200005,1.4312497666746
751,20.64151584,4.2810547563700005,1.4299119546323
752,23.657045408499997,9.48560502854,1.4055890100438
753,26.6673967658,12.0619735577,1.3854526768589999
754,15.3675132203,-4.789726444279999,1.4516472365758
755,14.6224092103,-3.4948609885,1.4551002423152
756,16.880662582,2.9910244929700003,1.4467175371143
757,19.883211616,2.99306749537,1.4325645904646
758,19.1480986701,1.6955072493899999,1.4388793578135
759,15.392134300899999,3.00651083305,1.4531511604109
760,14.621976353300001,-6.094274570700001,1.4515610529491
761,18.382236316300002,2.99550734771,1.4395700248648
762,16.882049328599997,0.38981333586800004,1.4473854886138
763,19.882850159900002,0.388030062996,1.4372584355204998
764,20.634761025299998,1.68368875058,1.4348122006187
765,19.903263647,8.18535654872,1.4242375691454
766,13.865747102699999,-7.3984266685,1.4530138610918
767,25.9019011455,8.17440568317,1.3973500982149998
768,15.365816174699999,-7.39488113947,1.4488750827235999
769,21.3913543727,2.98302536017,1.4264759647345
770,25.1581842363,6.85625840099,1.4035412362513
771,25.1393930047,4.27355507571,1.4064058497225
772,17.6335572009,1.69524923362,1.4459207074109
773,13.8843403529,2.99563790595,1.4566021888641
774,23.6493061156,6.87886100643,1.4100324295042002
775,16.1404525657,4.29389143011,1.4470847014135
776,23.646314556900002,4.27760728081,1.4146958168147001
777,22.1409590987,4.28622326921,1.4231262150409
778,19.1633941715,6.87655570135,1.4317807616123
779,-16.8820713894,4.38171391289,1.5197477537528
780,16.1153124139,-3.49371694582,1.4487283190323001
781,-18.38232176,4.378617151739999,1.5241680581092
782,21.4014470052,8.17454821734,1.4180267554689001
783,16.1241186824,-0.913304724864,1.4509903645103
784,21.3955353791,5.59176208852,1.4214927411209
785,-19.8587853514,4.45089558778,1.5270976372789
786,-28.8579369099,17.4078956272,1.61246389605
787,-30.3778170824,17.3163859051,1.615085603454
788,17.6460019298,4.286667334560001,1.4408872258777998
789,20.64214139,6.88940946945,1.4241585378151
790,31.1693447229,12.0579541198,1.360625199499
791,-12.387776945699999,1.75558058924,1.5100237762423
792,18.396853159400003,5.5902111220099995,1.4356859768986998
793,19.1300592572,4.29810995567,1.4363666540462
794,26.657248731200003,9.465526935829999,1.39157082604
795,-13.8836717825,1.77065401183,1.5131829399947
796,-8.63730070616,0.45296561807799995,1.50670334207443
797,-10.883980744799999,1.7609804604200001,1.50925204686071
798,-10.1361158582,0.45741002891599997,1.50537016288726
799,28.1631245246,9.47406802757,1.383345043204
800,-7.88732204165,-0.84857974209,1.50292308269209
801,28.9082357439,8.16773978169,1.3822782287689999
802,-9.35025110526,14.7522397373,1.50347106022762
803,-19.094803693099998,18.679891248100002,1.5435048325296
804,-12.3682733143,14.735226108099999,1.5061389575073598
805,-3.35880442099,6.9322693453,1.499957621371202
806,-7.83675335691,14.7367733913,1.499063389266109
807,28.920921550899997,13.3622505671,1.3703954274969998
808,30.4254542444,13.359305584,1.3618811641770001
809,-4.8753775247,6.92417675243,1.50128879591544
810,0.37988593200000004,3.0336231969400003,1.49363498671564
811,-2.61650901083,3.04100665421,1.499626787313753
812,-13.1289072315,3.0699165489299998,1.50590448054572
813,-5.62395521156,3.04650597447,1.50399395786414
814,-1.12124030858,3.03649179179,1.49664649326447
815,-6.38673214612,-0.852879598514,1.50207939818166
816,-9.38444225404,1.75948647059,1.50716188829529
817,-7.1337517228300005,0.45829499111899996,1.5036293676446
818,-4.8482081932600005,9.54103801163,1.499561082140409
819,-24.357892643499998,14.7946221199,1.5854089968615002
820,-6.382722154660001,6.94566120554,1.50448682511101
821,-4.886167839880001,-0.851866031166,1.5005338323245718
822,-5.63069470557,0.447745950011,1.50184213013149
823,-6.37719689048,1.75511779384,1.5055138814467
824,-22.1052799408,16.087096488,1.5730238618252999
825,-4.12172768104,3.04400542904,1.5022313127110598
826,-4.11542201867,5.66183937308,1.5008231310245068
827,-6.36669668492,12.1373310405,1.49945169622104
828,-7.1248839771900006,3.0520750853300003,1.5056432356427298
829,-5.61032609224,5.6563359568200005,1.50353979269084
830,-4.85379085073,12.1264900048,1.49576136386169
831,-4.87678629525,1.74618699567,1.5032382817280299
832,-7.10628123177,10.8464153657,1.50138487382497
833,-3.34967870437,12.132894589100001,1.49359513865586
834,-3.3654781365899997,9.53951706208,1.4953668090058199
835,-4.1231371697000005,8.22470467096,1.49882939412308
836,-4.0858374321,10.8320253839,1.49682595201855
837,-2.6040268310699997,8.18719341326,1.49734785962169
838,-2.6072231946400004,5.62248269049,1.499171827717023
839,-5.62358110742,10.8096074065,1.499805216757378
840,-6.34621617822,9.52263137762,1.50129583451701
841,-2.63417033713,10.8408983503,1.49221454334066
842,-17.590455818800002,18.6828244166,1.5338366306356
843,-8.60697567301,10.8384120907,1.50367242408556
844,-20.594870392,16.090921953200002,1.5614431964887998
845,-18.3537824182,17.403370132299997,1.5432695805489
846,-4.10758195471,13.449186364,1.4919545520782498
847,-21.3415670749,17.3919734643,1.565275964168
848,-2.6031919183700003,13.4424796923,1.4883090989827998
849,-7.8541326714999995,12.154282372800001,1.5033833215677501
850,-7.07661438087,13.472947496000002,1.499784597954309
851,-6.35648555077,14.7580136643,1.49490893487886
852,-3.34823613654,14.7277099096,1.4867547539039
853,-8.60428487442,13.4493001725,1.50168924993529
854,-30.3970720926,-23.7642725616,1.4272530557436
855,-10.837232633600001,22.5605449766,1.4791188410072
856,-4.875709550520001,14.767177725400002,1.49183977200402
857,-11.5850426915,21.2470435805,1.4788012348366002
858,-30.3970720926,-23.7642725616,1.4272530557436
859,-14.6090208298,13.4625570123,1.5213386909635
860,-10.8289482817,17.3736938592,1.4981621377204999
861,-10.0822377818,18.670351448199998,1.49374914084097
862,-11.592121030800001,18.6576636879,1.49575434668244
863,-15.352233194799998,12.1711748685,1.5255486556678
864,-13.1033871437,13.4608369445,1.5113688390027
865,-16.1084098286,13.4707262905,1.53173570259
866,-13.8548836501,12.173479384099998,1.5157779922325998
867,-15.354758221300001,14.7742183857,1.5262967504998
868,-13.859234031100002,14.7586857742,1.5170031993847002
869,-13.8471010212,17.3822637502,1.5121081825559
870,-15.3421172139,17.3700022391,1.5223953918808
871,-13.090741766299999,16.0668086655,1.50992351360247
872,-16.0922044487,16.0721288365,1.5297428082475
873,-14.5950846422,16.064704296600002,1.5196082617639
874,19.1278091296,-0.912223614033,1.4408508333177998
875,17.6259718648,-0.902657816042,1.4449936008864999
876,20.6314864572,-0.9183819370259999,1.4366994359464
877,22.125432881000002,-0.91666108191,1.4339588699275
878,21.3828299475,-2.21685628511,1.4346779538838
879,20.6246255447,-3.5083372170200002,1.4372700315925
880,22.8783647638,0.365117223158,1.4300216251803999
881,23.6359307025,-0.923006887994,1.4312664447535999
882,19.1205658218,-3.50261758087,1.4411832177789
883,18.3793691423,-2.200346485,1.4433532682213999
884,19.8685909928,-4.80293497541,1.4387706534606
885,19.8794447412,-2.21480127045,1.4396551711529
886,21.356948075200002,-4.81311556287,1.4581894294850999
887,22.131867950100002,-3.48530072174,1.4586875860232
888,20.620066903399998,-6.09511888143,1.4388312239588
889,17.623186417,-3.49754464264,1.4441233995207001
890,22.8873844504,2.9719927825999997,1.4197650609712
891,25.8878397449,2.9627031809199997,1.4037718784734
892,22.8746913352,-2.22571700314,1.4605359478102
893,19.1134586337,-6.10443891773,1.4399788484734
894,18.3741969438,-4.8045233716,1.4419536318042
895,16.1205151654,-6.10235215233,1.4474466423337
896,24.394462982100002,2.9742104554699997,1.4127553158065
897,17.6133061043,-6.10477217758,1.4437818982891
898,-14.5835231569,18.678635900099998,1.5032326876382398
899,-13.0923134384,18.6872126124,1.5028284799512701
900,-16.8480219712,17.3642458563,1.5340861647776
901,-16.0994183178,18.6805317104,1.5221259041942998
902,-16.867154163800002,14.783821890499999,1.5365493388734002
903,-19.101699283800002,16.0914019621,1.5512122940788
904,-18.3619761387,14.7851174771,1.5473636646144
905,-17.6083575107,16.0870210048,1.5419650937214
906,-20.6101900725,13.491637488099999,1.5612606816908998
907,-12.3295530301,17.362585999700002,1.500711833684167
908,24.385472665,0.35178599202,1.4246457135083002
909,-19.8619048347,17.388377767599998,1.5528286548037
910,23.6285164647,1.68089206004,1.4223685681721
911,25.1377181609,1.6681346856200001,1.4124499584285999
912,-17.600197372300002,13.4863892181,1.5412257658642
913,22.1389300941,1.66439112494,1.4290602474346998
914,-19.1141818318,13.480107158200001,1.5520775390956
915,-19.8417091039,19.9791464233,1.5420281268213
916,-16.8699164489,12.173834033499999,1.5351050986694
917,-25.8448407223,25.1744882968,1.5221083835596
918,-21.3688516988,14.7940604523,1.5666803451462998
919,-20.5873898804,18.6919959768,1.555912468471
920,-19.855911753,14.7759567518,1.5592152134185
921,-21.3250773545,19.9953082458,1.5532267634438002
922,-10.0783478778,23.875941647799998,1.4710778286155
923,-20.5905768386,21.2904828715,1.5402117976076
924,-28.0996605142,21.3277569201,1.5767040301864998
925,-18.3333001267,19.9802356497,1.5318026937032
926,-26.5938927047,23.9226126794,1.5397670892430002
927,-13.0831653184,23.8719168438,1.4778844083652
928,-14.5896258268,21.2661735967,1.500430523973677
929,-27.324675968,22.6169469116,1.5583212175141
930,-29.526701872500002,18.7590155721,1.615024415105
931,-19.0879837729,21.2772648591,1.5294135065992
932,-28.8275902813,20.0125081037,1.5982660856397
933,-11.6065900723,23.8984831811,1.4768887118115999
934,-13.8385800955,19.968395145499997,1.50265039538955
935,-16.836298134299998,19.9725119634,1.5228486611192
936,-15.3342680904,19.9797530986,1.5132988046329998
937,-11.5841869876,29.0587831418,1.5548396524797
938,-31.1367183885,3.09737237564,1.5654266592272
939,-30.4054153209,1.81458886901,1.5604555102837
940,-32.6331980144,3.11871419707,1.5760454538850999
941,-31.8840818268,1.81364090831,1.5700052841964
942,-27.4136690861,-6.00424126288,1.50172116315332
943,-33.4052736648,1.81998449845,1.5799883912974
944,-34.892742764000005,1.82397066621,1.585774152351
945,-36.394942644299995,1.8272237518899999,1.5926798139769
946,-13.8396241035,22.5759607411,1.4869938142673
947,-15.3383307838,22.5791806111,1.49685897692555
948,-35.652094356,3.1355246760199997,1.5917690194377
949,-34.1440524391,3.10998245183,1.583811483956
950,-16.842233056,22.5741551612,1.5058180329577
951,-26.6675673158,-7.3081048086800005,1.49009501448318
952,-28.915557750799998,-8.573727168609999,1.4820122799309
953,-12.3286446698,22.5776467592,1.4837833086076
954,-34.149051869800005,0.52209322791,1.576253914532
955,-17.576668730199998,21.2770944443,1.5190120552609
956,-37.138781529300005,3.11628430691,1.5965766758138
957,-16.098390871899998,21.2692158827,1.50977560049044
958,-28.1629304604,-7.296981275549999,1.49253892607654
959,-12.3389952341,19.9616142603,1.49327487348639
960,-30.4301890845,-8.57544052918,1.4832429928623998
961,-13.0949556047,21.2699094176,1.4906674721986102
962,-10.820026933400001,30.359681729600002,1.5978818437445
963,-22.8200715719,22.591067438,1.5404366951262
964,18.400359477800002,8.19091615096,1.4324972883423
965,-21.343384584,22.5723012761,1.5328988296529
966,-9.322551733140001,30.3440151702,1.5783277648952
967,-26.6649711978,-4.70224744415,1.50759712530523
968,-7.812446656410001,30.3546456768,1.5549224759471
969,-10.0474226902,29.0578415116,1.5748966840407
970,-25.911530070799998,-5.98594213291,1.4977893339848198
971,-25.1598644646,-4.69107914683,1.5028118905305201
972,-35.656980574100004,0.5317642636540001,1.5822326137524
973,-25.905973615399997,-3.40640020651,1.5135072010071
974,-8.56838603758,29.0496111818,1.5602496528606
975,-6.325115321909999,27.7427490945,1.4952912580033
976,-11.5543182152,26.4545303489,1.4762120093870001
977,-13.0952973634,26.4581869396,1.4711329794803
978,-31.184796873800003,-7.29978921414,1.49608567000188
979,-13.073628256300001,29.063349785,1.5328132812919
980,-29.6636939954,-7.30066259889,1.49461064623933
981,-28.9021341271,-5.98137924113,1.50481039502215
982,-7.073746292449999,26.4563005192,1.4807990074569
983,-10.812512595,25.1802501584,1.4712152798985
984,-7.07035225498,29.050726409899998,1.5296182928034
985,-12.307297143600001,30.3452392061,1.606098088455
986,-10.0609124326,26.452282892899998,1.4690684735404
987,-8.56695167153,26.4709251595,1.4951398580350401
988,-12.3319104374,25.1632161709,1.4722496580789
989,-15.2660272768,25.156044062600003,1.4796586457329
990,-10.8224949633,27.753286001299998,1.4979377459499599
991,-14.5864043494,23.8792654514,1.4754504531739001
992,-7.81705138615,27.7500220662,1.5174979209586
993,-12.313684690899999,27.7386657633,1.5023506137156901
994,-9.32108467351,27.7503897086,1.5348385169337
995,-13.8208143133,25.1617962104,1.4658467363397
996,17.6442388298,6.8926995273800005,1.4376909494853
997,-20.5808324819,23.8792669939,1.5168771421162
998,-13.8236521604,27.777853702199998,1.50156974694702
999,-14.5647144576,29.0891389186,1.5184488215154999
1000,-14.5803194295,26.458603614,1.4713736684893
1001,-15.2652952066,27.786523754599997,1.4852485711871
1002,16.8991449526,8.1924942539,1.4370539736267
1003,16.1461757333,6.89468957674,1.4417418043683998
1004,19.909088737999998,10.7762845549,1.4186358433516
1005,17.6547515031,9.494112631410001,1.4310994624491
1006,15.3927890369,5.595687283829999,1.4490480144507
1007,19.154533865599998,9.487556025609999,1.4270872122482998
1008,12.3838192337,3.0057509212999998,1.462693248056
1009,13.1372178571,4.302025084519999,1.4582129819985001
1010,13.890557749600001,5.59815991371,1.4548398056251002
1011,14.6438540558,6.89975512295,1.4484477030610001
1012,2.62902762754,4.32935326286,1.4882949084658001
1013,1.88024854,3.02937638333,1.49211153382875
1014,3.37612851011,3.02535998895,1.4884978708956
1015,4.12791530363,1.7191322822,1.4874435760306002
1016,1.8714687510399999,0.432146476414,1.49156111734768
1017,3.37307290743,0.416907951802,1.4864255961325
1018,4.13147841275,-0.8745772635439999,1.4844635369299002
1019,2.62808568375,1.7243894578199999,1.49005543721736
1020,-19.833539461199997,22.5742557237,1.5255690199072
1021,-22.0813305065,23.8828056837,1.5249323945445001
1022,-18.3092179611,22.5680150976,1.514362859193
1023,-25.098670584,23.928868815,1.5358544706319999
1024,-23.6141152175,21.3116760711,1.5571475084771
1025,-25.8243819995,22.606624314100003,1.5528804073078
1026,-22.0902957278,21.3109492746,1.5483321875240998
1027,-24.3396138606,22.6042886563,1.5483096376160999
1028,-25.0664497811,21.3069234937,1.5638985779083001
1029,-27.345554359999998,20.0142582101,1.5894378610327
1030,-26.601775147,21.317100396500003,1.5713342451239
1031,-25.823588186000002,20.0138007244,1.5818342971469002
1032,-21.3276376388,25.1795110493,1.50809045761326
1033,-16.082041138,23.8679639348,1.4918220464015302
1034,-18.3261398672,25.1725321756,1.49471583495523
1035,-17.585709477600002,23.874290748499998,1.50213504439128
1036,-22.8100528937,25.1651671984,1.5144449243433
1037,-24.3408152917,25.177741985,1.5184946382426001
1038,-19.0832310235,23.8740105378,1.50776715784046
1039,-23.5786902631,23.899978818399997,1.5313354598253
1040,-19.829447094800003,25.1782994051,1.5026625183538098
1041,-19.0779647616,26.4795028973,1.486665296888
1042,-16.8293375299,25.1724973007,1.4874054842461
1043,-17.574977728,26.4739669781,1.4813411041063
1044,-16.0727911546,26.4694140059,1.4760971079634
1045,-20.5751028461,26.482660994699998,1.4939845712840198
1046,-23.591016350999997,26.4916913498,1.50340902384175
1047,-25.068868728,26.4699597855,1.50447970086856
1048,-22.0683878506,26.499255115700002,1.49825019023778
1049,-18.3298063304,27.7741999548,1.4781323270590998
1050,-16.064326222,29.0600684753,1.5202558813542
1051,-17.5724887934,29.0666682697,1.5234442260929
1052,-16.822269007800003,27.7756307574,1.4874349446077
1053,-32.6533627178,0.515314835651,1.5714064204192
1054,-31.1521675531,0.534367895156,1.5603233381355999
1055,-30.405307123700002,-0.78188221494,1.5496868572265001
1056,-31.9267456353,-0.797703034774,1.5573507259555
1057,-32.6473919851,-2.06745806661,1.5498415214626
1058,-34.907611636,-0.772745800292,1.5685674293057
1059,-33.416629853500005,-0.7870171158000001,1.5646106551652998
1060,-34.1397963309,-2.06004698542,1.5535308991616
1061,-31.9156798503,-3.36871290062,1.5359335006484
1062,-30.413062370600002,-3.38128248424,1.5310088087870999
1063,-33.4033167675,-3.3668363673200004,1.5387373522475
1064,-31.1562641763,-2.07715647064,1.5436364187393998
1065,-30.4070849374,-5.9817387255100005,1.50691238203103
1066,-31.8906670301,-5.97313773555,1.5101349342519
1067,-32.6712392369,-4.66841634047,1.5233016123780998
1068,-31.1574149976,-4.66919985966,1.5220455042184
1069,-29.6283612421,3.1025069349,1.5550094357755
1070,-28.1402247793,3.11016487716,1.5466957376121
1071,-27.392711124599998,1.78677701885,1.539925156799
1072,-26.6310646675,3.1100947426100003,1.5373567870577
1073,-28.9098528213,-3.40080753134,1.5256495492627
1074,-29.6698700908,-4.67691888636,1.5174834321327
1075,-29.6432744676,-2.0777044658,1.5377076944443
1076,-25.1473192777,-2.1039430475,1.51404377047
1077,-28.896035978799997,-0.788814554447,1.5416927201492001
1078,-29.6421271319,0.506560259246,1.5506723632755
1079,-28.2240053358,0.526633184384,1.5427249628059998
1080,-28.9096299454,1.80627773498,1.5494935589071
1081,-28.151005136299997,-2.09490980573,1.5300737938531999
1082,-27.392714182299997,-3.41309262407,1.5190900839625001
1083,-26.6499916694,-2.10138101382,1.5235012579740002
1084,-28.1688053496,-4.69747033293,1.5137350873627
1085,-7.81974217417,25.1518478307,1.4624031714391001
1086,-6.3294137399,25.1599732827,1.4599118723042
1087,-8.57831941749,23.861034957700003,1.4677947181508
1088,-9.31797550993,25.16046671,1.4659389309559
1089,-5.56135931269,26.4445165759,1.468113948816
1090,-5.576737294,23.8546308603,1.4635150221445998
1091,-7.08214697203,23.8617641684,1.4662563378266
1092,-4.07905553365,26.4429575456,1.4634291418027001
1093,-4.08279555756,23.8549258595,1.4594336568041002
1094,-3.31786939797,25.1431832544,1.4516227742119
1095,-2.56076144874,26.4493290385,1.4600918566904
1096,-2.57072403937,23.850950995399998,1.4548661711785
1097,0.44267622597899997,28.996925854599997,1.4593414274109
1098,1.9698543416299998,31.6179805208,1.4756090395119
1099,0.454000728638,31.6192287445,1.4875506289754001
1100,1.19641355428,30.3196649987,1.4691445866680999
1101,1.9507428574999999,34.2151617676,1.50330919667555
1102,3.44674909652,34.1507937074,1.4865328642873998
1103,2.70087316469,32.893143038299996,1.4819726253478
1104,1.19711617014,32.9349762847,1.49349511694239
1105,2.70188324241,30.321657801900002,1.4596555153625
1106,1.94503436145,29.0482334266,1.4509562952597
1107,4.1671160366699995,30.3125562525,1.4485108322444
1108,3.43823812441,31.630144490800003,1.4646766971914
1109,4.951522203710001,31.624783397999998,1.4534092604267
1110,4.94650928337,29.035100258,1.4312666795006002
1111,4.94714643305,26.4083254677,1.4254793059645998
1112,5.697212664499999,27.7095746698,1.4187461568813
1113,6.4414913063200006,26.411263817800002,1.4219246955568998
1114,6.4487235499899995,29.0040681588,1.4232980695638
1115,4.95046255469,34.1963748842,1.4748691489967
1116,4.21888830592,32.8849196601,1.4692626235193
1117,5.6894891781,32.9005809511,1.4567306611529
1118,6.45100998448,31.6174703917,1.4431169171134
1119,5.70470194951,30.3121204241,1.4375944498875999
1120,6.45982238546,34.1924727392,1.4637116634265999
1121,5.6700464232800005,22.5274455327,1.4387636664891
1122,4.9267017075499995,23.8102549802,1.4356956850923
1123,5.66341630164,25.1689234535,1.4190014209848
1124,6.43020481179,23.810218031,1.4321989958096002
1125,9.44830086731,31.6020054671,1.4280427459117
1126,7.95707404498,34.2003836764,1.4553890678091
1127,8.70479664858,32.8948218729,1.4427322713198
1128,7.94848427266,31.6126927684,1.4365924505155
1129,11.712232010300001,32.9099065264,1.42694679837
1130,10.957695467699999,34.206251818800006,1.4420839211304002
1131,9.448028930709999,34.2070684993,1.4487313888458
1132,10.2112902189,32.903930964400004,1.4343940142357001
1133,10.2141379564,35.482813966100004,1.4552804666221
1134,11.7245022962,35.488243623900004,1.4422358118602998
1135,13.2137207127,32.8993690954,1.4192911614152
1136,12.4648702904,34.1908776123,1.4290426541841
1137,15.4569114365,34.1753438658,1.4195354925565
1138,13.2116780038,35.4846275292,1.4403326576546
1139,14.7125864717,35.4901985767,1.4340402222308
1140,13.966242535900001,34.1961791478,1.4267773630175
1141,10.9584114474,31.5936356436,1.4218516652839
1142,12.4533480715,31.5975207954,1.4135021853736
1143,13.9476642881,29.0042439044,1.391812410998
1144,13.971694838,31.594981670000003,1.4068235508465
1145,17.7281869318,35.4907374075,1.4228881191035
1146,16.2071904309,35.4885252949,1.4232014065039
1147,16.9619060423,34.1911680825,1.4107605190749
1148,18.4521031039,34.2058780765,1.4111897826126
1149,12.4601081376,29.0217390753,1.397208097969
1150,13.2048961308,30.2950346416,1.4026320046966
1151,11.6995159197,30.296764859499998,1.4081089531665
1152,10.9547389766,28.995377592500002,1.401807980949
1153,11.6851923113,27.7001106004,1.4024284208659998
1154,10.936405609400001,26.4068200918,1.4086676646578
1155,13.186400733000001,27.6920486215,1.3973503487610002
1156,12.4406960864,26.390159097799998,1.4045836735677002
1157,13.9279967264,23.7857572407,1.4093001410478
1158,13.9425959428,26.415093262499997,1.3988478382440002
1159,11.697098556499999,25.0791270657,1.4113455366954
1160,12.446401850300001,23.7820338336,1.4146233712806
1161,13.1832251646,25.0861921656,1.4062628356723001
1162,10.9332139749,23.7973697657,1.4195057352354
1163,4.92774091345,21.217900990999997,1.4450446866765
1164,7.19330409147,32.9011936789,1.4488506626215
1165,16.856684388599998,-7.40053717398,1.4439275543993002
1166,18.3655636906,-10.004813438900001,1.429412185276
1167,17.604137811799998,-11.3102324685,1.4306582287577
1168,16.8726453159,-10.006365194,1.4334983334858
1169,16.1030053407,-11.3069695973,1.4343653452322
1170,17.596602351,-8.70797769892,1.4331155200396
1171,19.1115346709,-8.69540550288,1.4298490712160001
1172,15.3444608867,-10.001503616699999,1.4373204176384
1173,16.111626581099998,-8.698162866959999,1.4446677945666
1174,16.8684331503,-4.7998895224,1.4454716806205
1175,19.8610917522,-7.4043147857800005,1.4366767411332
1176,18.3601498463,-7.400743940590001,1.4410121498402
1177,16.849394991900002,-12.6102221624,1.4302886045284
1178,14.60315267,-11.3002377034,1.4380128689626999
1179,13.0943957381,-13.9000848634,1.436162218117
1180,16.0959778798,-13.9079230162,1.4296556553951
1181,13.840675642199999,-15.2023152199,1.4316182450366
1182,12.3407966751,-15.202356737399999,1.4354024597461
1183,15.3477932301,-12.606527296500001,1.4338909735713001
1184,14.594237631399999,-13.9033060353,1.4328739677953
1185,-4.82379815754,17.3504751092,1.4837243773216
1186,-3.33382259741,17.3534013127,1.47997794959
1187,-7.0829282308,21.258326852,1.4768133104332
1188,-7.82985347547,19.955843080999998,1.4838128259401
1189,-8.57809207072,21.2499784785,1.4803080467636
1190,-7.0879910518500004,18.6642375502,1.4849920127245
1191,-8.59389594416,18.6509080104,1.4899323327337
1192,-10.0688422732,21.250555747,1.4841498796908
1193,-2.59385184493,18.6437975664,1.473488395801
1194,-4.0850023278,18.6471501735,1.478018891536
1195,-5.5844013842399995,18.6493209004,1.4819274886884
1196,-3.33069278352,22.5486907933,1.4622769586812001
1197,-4.822126015269999,22.5549936725,1.4663026825396
1198,-6.34003504662,17.349816450499997,1.4875809963406
1199,-4.09135630034,21.2492435507,1.4695407240607998
1200,-2.57625256056,21.2492517544,1.46453155239
1201,-7.82507624513,22.5629482462,1.4719311690658998
1202,-9.328822570689999,22.5628108585,1.4739522020848002
1203,-5.57808985297,21.258274404799998,1.4729050825157999
1204,-6.32492828829,22.560612621,1.4697712880751999
1205,-9.33841835172,17.3613312958,1.4951792498146899
1206,-7.83532763885,17.3624456033,1.49220711071811
1207,-7.07665950554,16.0505382482,1.4946400170567098
1208,-8.582953394370001,16.0660584257,1.4998641705674691
1209,-7.04891160629,8.05238554878,1.50420097148532
1210,-9.36049212068,9.55881112572,1.5062450420223399
1211,-9.36027216214,12.150376083400001,1.5064209902152
1212,-2.5894572772,16.0362265887,1.4827317666669
1213,-7.8600369281299995,9.555227270900001,1.50397328776674
1214,-4.09200313733,16.0402669405,1.4866356314692
1215,-5.62320028564,8.20183552829,1.5039243561901101
1216,-5.58246022095,16.0491801798,1.49061427885993
1217,-10.1055976727,10.863405322799998,1.5067843317497
1218,-10.1028100437,13.4506319312,1.50681178706369
1219,-10.8491752753,12.1646366953,1.5089180411699898
1220,-11.604759374699999,13.4571076266,1.50822560283483
1221,-13.1108831485,10.880452979800001,1.5137628645954
1222,-12.3613530095,12.1661959013,1.5103672666339
1223,-11.609869035,10.856437724400001,1.5126288891859
1224,-11.681580178,16.046602034,1.5018574081397802
1225,-10.8519263668,14.7527718243,1.50555479032921
1226,-10.837481975700001,19.9462671175,1.488327431409
1227,-10.1226558808,16.03282319,1.5014932807252401
1228,-9.31621381463,19.962187842,1.4859377153831002
1229,-6.3211615068,19.9556578066,1.4790148083218
1230,-4.82338184346,25.1613403362,1.4561814108118
1231,-3.32947456926,19.9566668699,1.4708119290822999
1232,-7.1237633232999995,5.65363967778,1.50492340117968
1233,-3.36524948799,4.29004959185,1.5015760584442601
1234,-6.37012928479,4.3490533639599995,1.50485575719502
1235,-4.87234395124,4.35025599697,1.50162321369285
1236,10.880365302800001,3.00901628145,1.4671099823381
1237,13.1462642454,6.9011061456,1.4548444949284
1238,10.137711001400001,4.30904905069,1.4698838367558
1239,11.6330273126,4.3019107311199996,1.463680041366
1240,11.6469578557,6.90128982585,1.4603845094441001
1241,-22.8583598369,17.4020919058,1.5687697664478
1242,-26.6176530711,16.1009703915,1.5926170859816
1243,-24.361268421000002,17.3876756632,1.5779135180573
1244,-24.4310293599,-8.60227804931,1.4859827580375
1245,-28.1727772303,-9.89081071594,1.4754195038923998
1246,-25.1726457044,-9.89822093998,1.4807573799484
1247,-29.681509181000003,-9.875024203270002,1.4744706055459
1248,-25.911248078699998,-8.578397301090002,1.4831812132452
1249,-22.8642867513,17.3928009944,1.5687739735289998
1250,-23.671385175399998,-9.90188096232,1.4814623126231
1251,-24.398370205,-3.38973320813,1.50590327946606
1252,-25.8644141475,17.400978501500003,1.587506842601
1253,-25.8580874965,17.410068310499998,1.5875075767975
1254,-13.8225258954,25.1620189659,1.475552249373
1255,-23.605825338800003,16.0912684981,1.5755734894051
1256,-22.1141361223,16.0867565375,1.5643139834070001
1257,-24.355567935,14.7944718577,1.5792181502995999
1258,-25.1097746773,16.1010683228,1.5843830127329
1259,-24.355567935,14.7944718577,1.5792181502995999
1260,-26.6634823994,-9.8895587061,1.4765408375861
1261,-27.4227047567,-8.59934691612,1.4819720094319
1262,-25.1794930656,-12.508796762800001,1.4650903056181
1263,-25.910209731,-11.1898402561,1.4705457477108
1264,-4.85031226165,19.9646677743,1.4757229120883
1265,-22.1036222652,13.4904549305,1.5616592304258
1266,-22.8521238707,14.7925499477,1.5708588999686002
1267,-22.867404249899998,12.1943629118,1.5628181433439
1268,-22.867404249899998,12.1943629118,1.5628181433439
1269,-21.4121877064,-3.35486475796,1.50849140935631
1270,2.60572105749,27.778931437,1.4350132300140999
1271,-22.1535557255,-9.879165991850002,1.4816228862313998
1272,3.3536528320500003,29.0716437042,1.4438748841395
1273,0.33577980515899997,21.2816030553,1.4571440895243
1274,4.09810040371,25.171605731,1.4324471629912
1275,-1.90866109202,25.199381982200002,1.4466768643641001
1276,-24.3117962422,-0.860204126502,1.5168088388491998
1277,-1.16351923698,23.8864647538,1.4507042153881
1278,2.59472891925,25.180298092500003,1.4361305051506998
1279,-0.398562662826,27.7979145336,1.4503595390838
1280,-18.396361661300002,-3.39014170865,1.50779155898191
1281,1.09496744083,27.789408563000002,1.4423252171698
1282,-22.1493211377,-2.1505000602,1.5136489710111
1283,2.58969790589,22.5804902602,1.4467274548212
1284,4.10498910065,27.778449158,1.4253775625307001
1285,3.38728125682,5.62091277293,1.4864571278207
1286,-25.9096654705,1.79010573752,1.5315827337153
1287,-1.17147806062,21.2892263456,1.4610799762619
1288,10.8890431494,5.6023174318999995,1.4665989971305
1289,0.351690340806,26.486944529,1.435718749562
1290,12.3918325293,5.603854117369999,1.4588185988428999
1291,1.8334986953499999,21.2808412151,1.454192264003
1292,3.35067255405,26.482860852500004,1.4289864299612
1293,-1.1505626261,26.4994552936,1.4440027344150999
1294,0.337044068437,23.8827617209,1.4468951919936002
1295,3.33342828618,21.280168298299998,1.4495677469465
1296,-0.40928186726,25.178333058,1.4432823211175
1297,1.8497119530800001,26.487355297999997,1.4329288355118
1298,1.09275302296,25.183061041600002,1.4392531927423
1299,-25.865164353100003,12.199975136299999,1.5756906470203
1300,-24.3747096162,12.1735368082,1.5699034186548
1301,-0.41385657429499995,22.581063534400002,1.4528670977586
1302,4.08749196666,22.5741423388,1.4429569972142
1303,-1.91360896252,22.5890907675,1.4575853352577002
1304,-1.8120153577,27.731412911899998,1.4652354695514
1305,7.149862044440001,12.1068112834,1.4652910627071
1306,-16.9019248235,-3.41508167427,1.5091979736651102
1307,1.08549805045,22.5822800216,1.4501139203266
1308,-23.5902984763,-2.1557341597599997,1.5116772801679998
1309,-19.8911766147,-0.8121527058929999,1.5159928792964998
1310,3.34602930951,23.8814103407,1.4394325889388002
1311,-25.865164353100003,12.199975136299999,1.5756906470203
1312,1.83472827975,23.8762859651,1.4435648445275
1313,-24.3959938265,1.78877578596,1.5277043603666
1314,-32.6712013231,10.8907902006,1.6261391910499998
1315,-21.334860809000002,-0.820394007452,1.5189323683969
1316,-25.8966514627,-0.801820005596,1.5222369451832
1318,9.413538262829999,2.9169688252699997,1.4676233465788
1319,2.61803844951,-0.874528059191,1.4880632583731002
1320,6.48582408799,0.356536993576,1.4795067291963
1321,14.6471854974,4.29261844831,1.4518948347768001
1322,-17.6550093234,-4.70623813859,1.50529598960345
1323,-19.2439826357,-2.06342251843,1.5130528011015
1324,-22.1177575791,0.585921233603,1.5209150296728
1325,-26.6706884731,-5.56752141461,1.50295443667884
1326,-18.392532742799997,-0.823501830276,1.5142530575272002
1327,-22.8968387414,1.78697241407,1.5250953697032001
1328,-25.8575835452,14.7991191569,1.5864029366557
1329,-26.6096883446,13.5000732626,1.5833045887324
1330,-22.1597474325,-4.69221645796,1.5001750569798689
1331,-25.1095880713,13.4959140604,1.5773571754189
1332,-3.4323792463,-19.054542182000002,1.4549255531215
1333,-23.6092462574,13.4920223448,1.5704277536681
1334,-20.651654862300003,-4.708027244879999,1.5024179035790701
1335,-16.0905178628,-4.79814659541,1.50641046394006
1336,-21.4064038566,-6.00832754293,1.49592698912784
1337,-27.399639607199997,-0.798085801433,1.5329664202043
1338,-23.6381510921,3.08764012627,1.529826103445
1339,-25.144504088500003,3.09582467746,1.5319192797713999
1340,-25.153864822299997,0.49231496571100003,1.5237770479583
1341,-27.3519146176,14.8076677075,1.5927683208332
1342,-27.3519146176,14.8076677075,1.5927683208332
1343,-21.365149240999997,14.7952430824,1.5585599125392
1344,-21.365149240999997,14.7952430824,1.5585599125392
1345,8.64623137123,6.90635377091,1.4699663669501999
1346,7.19391380044,30.306265434100002,1.4294784247266
1347,7.94343605208,29.0099772746,1.4173468713693
1348,9.44533069074,29.0045724214,1.4094468250641001
1349,-20.649997436099998,-2.1191365598100003,1.5144132156922998
1350,-22.884280887699997,-3.4226069958500003,1.5065402826096799
1351,-8.6444704122,-3.86949293234,1.500062312446606
1352,-17.6467932788,-2.12665249328,1.5125447929683
1353,6.42907731456,21.2074347053,1.4422947268332
1354,8.655899439779999,12.0917054345,1.4619162061812
1355,7.181802728779999,25.1150864298,1.4257074131776
1356,1.1629031401499998,14.716804112,1.476851776765
1357,-1.09888000774,13.4368149861,1.4851970612319
1358,8.682157444029999,25.108920589500002,1.421368318176
1359,10.200602215,30.3035336732,1.4139167291408001
1360,5.66048350088,25.1688621322,1.4294543497977
1361,-20.6444470899,0.488884390428,1.5172554838519
1362,-1.8401799678100002,14.734723640099999,1.4834410583031
1363,-0.346609628755,14.7311680713,1.4805149902432
1364,0.414677176297,16.0302991265,1.4747281752035002
1365,2.65739617827,14.726500167500001,1.4720823297901
1366,-1.0934929738099999,18.6261085124,1.4708433508604
1367,-1.8334657600600002,17.330625694800002,1.476277013706
1368,1.9127756794300002,16.0292012824,1.4706379559143
1369,8.69540213619,30.3120040515,1.4228231902207
1370,-0.327945391117,17.3242096665,1.4734592445123
1371,-1.8506155546499998,12.136696546900001,1.4894881787539
1372,-0.35418910241600005,12.130830612399999,1.4861476672003
1373,-1.0844041528600001,16.0267661914,1.4786684942252
1374,1.89601800844,13.4269780808,1.4776209230318
1375,10.1536541183,12.1041689974,1.4541069043932
1378,5.66324560647,17.3197319256,1.4569688877367
1379,7.17586479503,19.9103996192,1.4431233632205
1380,10.175377986400001,19.9049098324,1.4332559083819
1381,9.44011662983,26.4096760026,1.4136128336203
1382,-3.3168675308799997,27.744764521100002,1.4742530568332
1383,7.91198530664,16.0116131543,1.4536877968524
1384,7.938868983330001,26.4109893329,1.4175900017573
1385,15.404930583499999,10.7900213719,1.4361952935141
1386,7.16413159907,14.7133692331,1.4600973887862
1387,8.6893318409,27.7101317133,1.4119835904528
1388,16.1868891373,19.8801666465,1.4123161093776
1389,15.4299473061,21.1874386395,1.4129377370035
1390,6.40951756998,16.013073893,1.4584587282361
1391,4.91358717957,16.0167145413,1.4612256723394
1392,10.194749227099999,27.703713857300002,1.4077358653909
1393,10.1461460882,9.5051693537,1.4596855462598
1394,7.190320176389999,27.7096069652,1.4157195024718998
1395,8.67547737482,19.910923106400002,1.4401007034825
1396,4.911269203120001,13.4144856218,1.4687003393572
1397,9.41256582788,16.0083543293,1.4482407083072
1398,5.65100984186,14.7202388067,1.4642795923197
1399,7.17709138424,22.5114285552,1.4350345962479
1400,8.68169156283,22.5109219191,1.4297682811402999
1401,10.1591620022,14.703726117,1.4496577280051
1402,4.913420616420001,18.6184433291,1.4553593153258
1403,7.94133113726,23.8178645769,1.4281100976695
1404,7.89245053157,5.60906133916,1.4751491865867998
1405,8.66612913574,17.3085412541,1.4476305852397
1406,6.41759364958,18.6111006804,1.4491464392255
1407,11.6565671041,12.096744574,1.4501147974350999
1408,13.9091710813,13.3934562774,1.4361467469964
1409,12.4115714412,13.4020941862,1.4431445699823
1410,10.906692666000001,13.402332454,1.4488613439687998
1411,4.1253925119899995,19.950143728399997,1.4515077773548
1412,4.14126197359,6.91743326723,1.4812843309092
1413,1.1226882552500002,19.9542542642,1.4593386311871
1414,4.13043264629,4.32178220607,1.4862555332272
1415,6.38326271997,5.6325731263300005,1.4794351122656
1416,9.38844322739,5.60384242883,1.4690598556139
1417,13.1561557841,12.0993178093,1.4425168262955002
1418,-0.368549851059,19.957714254400003,1.4629958331265
1419,0.398063369191,10.8399653153,1.4866169538239
1420,1.89474821224,10.8297635006,1.4820156754673999
1421,-1.8609955725499998,9.53838653785,1.49438409740807
1422,4.14623753361,9.525638281019999,1.4784684450815
1423,8.648043109329999,14.7105518596,1.4543669252804
1424,3.39206315911,10.8236931193,1.4776862704331
1425,-0.359919162889,9.531317043700001,1.4908256905661201
1426,1.14882452939,9.52542925312,1.4874213268818
1427,2.6639623349600003,17.315469322600002,1.4645958478955
1428,2.64743026205,9.52720909318,1.4823032630377
1429,-1.10932224144,8.24077948511,1.49573315938911
1430,3.39190845965,8.2254754168,1.4826185931481
1431,4.172490251049999,17.3200379324,1.460075993568
1432,0.392729835056,8.22778083569,1.49010425567718
1433,1.8924231542699999,8.22414625308,1.4863006575877
1434,2.6188853287000002,19.941336191900003,1.4557508704216
1435,1.9099858567999999,18.6227748546,1.462651091187
1436,-0.36675165803800003,6.92463948181,1.4939386176512401
1437,1.13594393451,4.323146453680001,1.49261922505514
1438,-1.83530647414,19.9281461804,1.4678555316605
1439,3.42752801179,18.6225705373,1.4589675398858999
1440,2.6310352782099997,6.92166712944,1.4870404398843
1441,-1.86667265625,4.34341211825,1.4979936421832598
1442,0.377371899346,5.62976870657,1.4918964026485
1443,1.8701302474500001,5.6697078277,1.4881182552241001
1444,-0.359516499139,4.34686174676,1.49353395787352
1445,-1.8696339161400002,6.92963143296,1.4960900508002302
1446,1.1343741314,6.92150136257,1.49020182072336
1447,-1.1174295461500001,5.636973064179999,1.49484341486755
1448,9.45282395289,10.8042847427,1.4601644767569
1449,0.40679065758399996,13.4424202329,1.4803767834816
1450,13.9179319075,15.994662247,1.4302759154215001
1451,18.4222984742,15.9774966005,1.4147244043489
1452,10.900296123399999,10.7986388637,1.4553076190206
1453,13.1675491036,17.2917605032,1.4310416977371998
1454,18.426465297399997,18.580999846300003,1.4066566637903
1455,16.1701194275,17.286780103599998,1.4200987939573
1456,6.39672250065,10.8132095514,1.4698214676736
1457,14.6694011018,17.293262789,1.4260945444828999
1458,14.662121890300002,14.6886987308,1.4313020624072001
1459,6.378901525500001,3.0162186976900003,1.4810189744679998
1460,5.646930815439999,9.522330849260001,1.4740928195976
1461,0.409960579241,18.633523094,1.4667720619569
1462,1.16370352374,17.3287793365,1.4684791734646
1463,7.909374679260001,10.8070297362,1.4649877826381001
1464,8.656068284529999,9.506731046499999,1.4653966236957001
1465,11.6630626188,14.7003579338,1.4437861653186002
1466,19.1668166706,14.6779199529,1.4130864226848001
1467,5.63357830155,4.31849806508,1.4822287433596
1468,5.67324271723,19.9220270627,1.4480085241524001
1469,12.3929321554,10.8040851568,1.4496863747358
1470,19.9136893628,13.379879043299999,1.4113954411507
1471,17.7081102494,30.281506230999998,1.3809976170859999
1472,-14.585513603699999,18.6788462923,1.5118575838822002
1473,7.902593384879999,8.20724705624,1.4704836430027002
1474,16.9187414981,15.9824016186,1.4192621859396
1475,17.6664984927,14.6821233118,1.4205331640788
1476,16.9276135602,18.5873829444,1.4143666630535
1477,15.4188052617,15.9903003693,1.4241797194477999
1478,-1.7987779744399999,32.9331428933,1.5211938702768
1479,16.9195220887,15.981551275,1.4201122611988999
1480,11.682441636,22.4996787385,1.4207339283822
1481,-1.06296898811,29.0287036887,1.4687633993861
1482,-2.55231115988,31.638463796,1.50969135904584
1483,-0.290717794526,32.9236467251,1.5052395298210899
1484,20.7012189195,30.2762888962,1.370061854893
1485,-2.56124677935,29.0563600129,1.4868321437002001
1486,-4.82079579633,27.7441571265,1.4814576432866
1487,-0.315077741224,30.3357521531,1.4772522339949001
1488,15.4513555399,28.986082895299997,1.385304194426
1489,16.2041946521,30.2839007711,1.390159215183
1490,18.414766985,13.380148993,1.4202427556397
1491,7.15062803644,9.515854631809999,1.470195947423
1492,6.39572428716,8.21425025133,1.4731313879257
1493,14.6803876051,19.8956565481,1.4173082771136998
1494,15.433597584,18.5933678424,1.4200843520076
1495,16.1608028498,12.093759892100001,1.4304510875860001
1496,17.6804032085,19.8843330746,1.4078230646592
1497,17.671458734799998,17.2836307817,1.4151496216743
1498,4.89434382904,10.8188414548,1.473609942649
1499,5.63916530522,6.91808729999,1.479116678507
1500,11.642203320299998,9.501812454069999,1.4545885982731
1501,0.45652444622,34.2207932373,1.5211607493571
1502,13.1569245647,14.696564060999998,1.4376521325876999
1503,14.6539869177,12.0865889813,1.436489888466
1504,13.9034322027,10.796076307,1.4429102649746002
1505,15.4083235468,13.3969542859,1.4302384316319998
1506,-4.8003718081999995,32.933191241799996,1.5481832605745
1507,-1.81206919621,30.333462508100002,1.487693980878
1508,16.9149915655,13.387478753,1.4259156455521
1509,11.6714842531,17.307345788,1.4365286127498
1510,12.416751900200001,15.9962349655,1.4370870097555
1511,18.4351463755,21.183147067300002,1.4005343025472
1512,16.158449602,14.6825489909,1.4259357216478
1513,10.9052931586,15.998479702700001,1.4422411039242
1514,17.6560656761,12.0881066928,1.4269431224703
1515,4.88887892685,8.21786445956,1.4782279567915
1516,16.9308085073,21.1824249075,1.4065819478955
1517,4.885757791840001,5.62696672656,1.4827912311337
1518,3.40738857646,16.015181861400002,1.4656307473063
1519,3.40772084756,13.4165783841,1.4728451712011
1520,4.157754021980001,14.7169705797,1.4677338660452999
1521,10.150088819799999,6.91303279733,1.4643361127504
1522,6.415612085789999,13.4021847275,1.4646422650981998
1523,5.65250834943,12.1211751924,1.4688344756035001
1524,9.40315285928,13.410441069099999,1.4540249496845
1525,1.1490140620499998,12.1181823703,1.4822282416915
1526,-1.09843061502,10.8347848065,1.4898437348463
1527,2.65580842997,12.1134088001,1.4776884936142
1528,4.1529192154,12.1215197297,1.4743149982149
1529,4.87630242069,3.01845027407,1.4833419359714
1530,10.1783375509,22.506634940799998,1.4250935663343
1531,7.9249366856400005,21.2245606786,1.4369565511186
1532,9.433494437290001,23.805364547,1.4236271399293001
1533,7.91099150618,13.4147117128,1.4605885958854001
1534,7.13933221042,6.92101305555,1.473282703887
1535,7.16685171928,17.317138534,1.4524856259676
1536,9.418964295559999,18.5995943217,1.4399588705181
1537,10.1897090687,25.1123693814,1.4161772914067998
1538,7.920724395160001,18.6061707214,1.4458635353978
1539,9.430888409409999,21.2045485156,1.4316970411371999
1540,10.164615159999999,17.3038879672,1.4426140947435
1541,17.688657754,22.4877923381,1.3984748019670001
1542,13.1824516667,22.4971811355,1.4151227138761
1543,14.6847974166,22.4960907121,1.4101188436852998
1544,16.1882203743,22.4947039885,1.404149873292
1545,-3.30244971634,30.3316936195,1.499595795674955
1546,-4.80746102018,30.3492877964,1.5186565083558001
1547,-5.55214395179,31.6404797901,1.5495684895550002
1548,-4.06327202391,29.046927454699997,1.4972863678654802
1549,-6.319738510940001,30.3243991349,1.5453181906942
1550,-4.05530085283,31.6445080245,1.5266739982086999
1551,-3.2993942924399997,32.932444466300005,1.5353287437377001
1552,-5.56764535267,29.0483063669,1.5074658955437301
1553,-1.05777121534,31.633811155,1.49865677060141
1554,16.2129489981,32.8884358479,1.4089579618749999
1555,17.716919885899998,32.8860056089,1.3990252972000001
1556,16.9590725256,31.581299597,1.397167290282
1557,18.4630709925,31.5823479791,1.388351080719
1558,15.437508963500001,23.790568049,1.4030716963495
1559,14.6898516326,25.0878545536,1.4016785140111
1560,16.9445288841,26.3868711131,1.3882758102969999
1561,17.6873623583,25.0815211797,1.3895952834960001
1562,16.9382694829,23.7876515048,1.39832860639
1563,14.7008893004,30.294660355399998,1.395395346527
1564,19.2204133354,32.8804599769,1.390136019356
1565,14.7201059422,32.8343488519,1.4124428284736
1566,20.6987347953,27.6724396354,1.365916168388
1567,19.9489867688,26.3757721098,1.3749936758680001
1568,22.9194840775,18.565423562299998,1.3875983056319998
1569,21.4279359375,18.573212800900002,1.3931141706
1570,-27.3618140754,16.0977316371,1.603370688123
1571,22.1895064609,22.4785357715,1.378645468469
1572,16.1880284429,25.086196609599998,1.394713264862
1573,23.690919210799997,22.4693829357,1.370894708857
1574,-27.737956312599998,15.455100165600001,1.605872765156
1575,-27.4663241978,14.9791446885,1.5942256728917
1576,19.948755463,28.9727398202,1.367950381354
1577,19.94035692,23.7774187709,1.384709069351
1578,23.6915551862,25.0708291943,1.362006261932
1579,20.683335839300003,19.8752236286,1.395132194819
1580,23.6993565128,27.6719784453,1.35081802964
1581,21.441636142799997,23.7743392184,1.3768666749460001
1582,22.192775250300002,25.072641675499998,1.369713246412
1583,22.9347235461,21.1707103713,1.380072154813
1584,21.4384304822,21.158108349499997,1.388422253089
1585,19.9306772148,21.1792989697,1.394645026616
1586,19.1946217291,27.6804655855,1.3725390326609999
1587,15.4597241569,31.5902237207,1.4035284739347
1588,21.451818678,28.972880768,1.361197844144
1589,18.435638696599998,23.7813305376,1.3933753743750001
1590,22.1881999633,19.867697725400003,1.3885247374129999
1591,25.1893590038,22.464249923399997,1.363108484294
1592,19.9268768217,15.9746366061,1.4087243048587
1593,21.426221466999998,15.9752053731,1.4001486666824001
1594,16.9530563417,28.980465176099997,1.378890004264
1595,18.4538921131,28.9776801517,1.372202286107
1596,17.696428493200003,27.6826955153,1.379716487952
1597,15.4468752503,26.392010044499997,1.392782449909
1598,21.4611054679,26.361648008,1.3672698826149998
1599,22.1963431541,27.6700981712,1.358066903562
1600,28.9494822222,23.7583754158,1.337106513107
1601,19.181961199099998,19.878586628599997,1.4012375785477
1602,19.926925942,18.580251008300003,1.4005834197934
1603,30.442366406199998,21.1463309255,1.338439214705
1604,22.9405515348,26.3786956358,1.359666222442
1605,18.4453233951,26.384404649100002,1.381037766133
1606,19.9586802053,31.581295013,1.3773273016079999
1607,14.6936857308,27.6902406411,1.391188166565
1608,16.1961348488,27.6898133388,1.386796520376
1609,19.210239757,30.275958077200002,1.376852334185
1610,30.4318775321,18.549551699600002,1.345325920387
1611,23.675888141799998,17.2662969467,1.385829770163
1612,22.1778152302,17.2719143574,1.3925224519569999
1613,31.187087051400002,19.838400561900002,1.336891608854
1614,22.942007573399998,23.776286499900003,1.369405835798
1615,19.1913285527,25.0907058631,1.382716682442
1616,24.4448311614,23.7624890569,1.362271994506
1617,20.695836291200003,25.0838122553,1.376625601978
1618,-27.2563002245,14.970861099399999,1.5935349283802
1619,22.9277752656,15.968449549499999,1.393751515631
1620,22.2099046019,30.2740575677,1.36405395249
1621,28.9349655386,18.5528930738,1.3547536667720002
1622,-26.988656291399998,15.4441448837,1.602099609354
1623,26.6795235521,17.2608816947,1.3705130741590001
1624,29.6953792572,22.448127394300002,1.337983083735
1625,-28.110590906000002,14.8393013971,1.6017805274960002
1626,28.1912687003,22.4548200916,1.3470461203100002
1627,-28.4873252504,15.4588803087,1.605165083765
1628,29.684353978700003,19.8495636317,1.346778355553
1629,28.1803211273,17.2544151174,1.363154683543
1630,28.9422559749,21.1563838866,1.3471902292659999
1631,22.95416931,28.9723778655,1.3489169580190001
1632,25.9293578368,18.5603732814,1.372732068346
1633,26.6952161248,22.460958707699998,1.355103166634
1634,27.4322435395,18.5643604414,1.3629517646920002
1635,29.6814546515,17.2498839141,1.3539667621040001
1636,24.4335955234,18.5595747331,1.3806321195440001
1637,23.6826698559,19.861338530599998,1.381897581087
1638,25.208112136100002,27.663113844300003,1.3426995087350002
1639,26.6893365299,19.853879613100002,1.362453538177
1640,20.6833261527,17.2676726438,1.4014089228785
1641,19.189606385399998,22.4822478204,1.392110832473
1642,19.1753854576,17.279074494,1.4066735397273
1643,20.691898155399997,22.474297384,1.3854482537900001
1644,27.4355905614,21.169639269399998,1.354146335186
1645,26.700725271800003,25.061761573,1.3465399993359999
1646,25.936760975000002,21.165368760699998,1.36248353373
1647,25.9434196044,23.7621254302,1.3537614753079998
1648,25.1859744781,17.2670537047,1.37926100749
1649,24.439132748200002,28.967247686399997,1.3414903751910001
1650,23.707888326,30.267071710200003,1.343721759802
1651,24.4523591417,26.3613497487,1.3518086642
1652,25.9520683552,26.35630107,1.343771382826
1653,28.1871997521,19.857976801600003,1.355315430389
1654,21.4607773542,31.575230502700002,1.3900067848070001
1655,25.1850018773,19.8622358036,1.3726070040209999
1656,24.4393600877,21.1652946766,1.3730395586770001
1657,27.4443528955,23.7579173695,1.346273612338
1658,25.1979405368,25.065246563699997,1.354612404478
1659,22.2255285248,32.8901707842,1.361574311608
1660,22.9632765206,31.570300395300002,1.355355030526
1661,-14.583415168199998,23.8785617099,1.4845700106176
1662,24.4643002054,31.570053854900003,1.3462326395689999
1663,20.723421887100002,32.872343886900005,1.3793076099800001
1664,19.963806330300002,34.1689300576,1.3891015101200002
1665,27.4609088672,28.959531975900003,1.325036989172
1666,21.4652864946,34.1870558395,1.3768638414110002
1667,28.2084808041,27.6591130823,1.3257691308169999
1668,26.712582649,30.2602790715,1.323272929556
1669,25.2147566117,30.2657977037,1.333976114477
1670,25.961416084699998,28.965215853500002,1.334002790141
1671,28.1989419949,25.0657799891,1.337784550985
1672,28.953367848400003,26.3544862101,1.328187431313
1673,27.4523495167,26.355046358299997,1.336463749075
1674,26.704328592099998,27.6645111693,1.3355323535249999
1675,30.448480159899997,23.7462653899,1.32911089407
1676,31.1873985938,22.4530710015,1.328583757734
1677,29.6994244095,25.054588080099997,1.3277170196730002
1678,30.4263666537,15.9489099857,1.3529179695640001
1679,29.672614741900002,14.6492106291,1.362122078031
1680,28.174159427899998,14.6545513502,1.3701460606559999
1681,27.415539799900003,13.374722886699999,1.378588850424
1682,28.9255205336,15.9533478246,1.361390826392
1683,25.2537374775,14.639324470899998,1.386006965139
1684,25.9269018122,15.9611038003,1.377818727032
1685,25.9122153372,13.2043357507,1.38616145069
1686,25.169491793000002,12.0556306357,1.391403670197
1687,27.4248430479,15.957605198,1.3698906983869998
1688,24.4266830721,15.9686671455,1.3843638974299999
1689,26.6712546246,14.665876477,1.377973231613
1690,23.6646461799,12.0699939559,1.400519806908
1691,24.40933681,10.7753926273,1.399392920697
1692,24.4136229546,13.3441078667,1.393494117036
1693,15.3972911808,8.194204457289999,1.4419291565091001
1694,23.6897639186,14.5708785118,1.3916970148810002
1695,-10.8636384688,6.96529801324,1.5089152737101998
1696,22.1570505687,9.47448620146,1.4129057402271001
1697,20.6572600094,9.47679576279,1.4206294852531
1698,20.655846585,12.0724217866,1.4133352757997
1699,22.9140273014,10.7834859771,1.4076892477749
1700,21.4163741922,13.368045751899999,1.4088280784505
1701,22.9145527702,13.370850146,1.4002524811746
1702,13.907323656,8.1810694373,1.4497544205558
1703,19.1581840542,12.0744754854,1.420359646693
1704,22.176503437399997,14.6720333785,1.398748325511
1705,16.9035902981,10.7874691663,1.4314988875957
1706,18.407389127400002,10.7780358127,1.4244576515672
1707,14.6336005419,9.50239252381,1.4427640763310001
1708,13.148535257699999,9.49369740002,1.4498871578693
1709,21.4098062708,10.7735258751,1.4132459322761999
1710,22.161642902799997,12.0700577109,1.4064320640153
1711,20.6707759233,14.677490160200001,1.4057967273684
1712,16.154258056299998,9.49513934023,1.4362695696207
1713,5.62852032149,1.71306163626,1.4810890265030001
1714,7.8840397402299995,3.01453938682,1.4751490924939998
1715,4.87812830198,0.408985397949,1.4834738848415
1716,7.1305864559800005,1.71405261543,1.4781983578954
1717,-7.86799098802,6.95490949403,1.50478965466865
1718,8.631034452449999,4.30952910716,1.4721073929223
1719,-9.384418612440001,6.96554978199,1.50770983132652
1720,7.13161198521,4.315996976329999,1.4777833513669
1721,-15.3736826987,6.973115325939999,1.5175327854195
1722,-16.129853055199998,5.6528385945099995,1.5181787291200002
1723,-18.3784489148,6.97466100541,1.5305214054146
1724,-16.8711863784,6.98613367791,1.5242782470346998
1725,-19.1270562178,5.68398142434,1.5294981766327
1726,-19.878189598600002,6.98608259685,1.5359771370346
1727,-17.6228327756,5.684935750179999,1.523575045197
1728,-20.6318211049,5.693313203280001,1.5336760770428
1729,-17.6232724101,8.28271557796,1.5305903992392
1730,-21.374632738600003,6.98322594072,1.5403174153642
1731,-20.6261418501,8.28810067326,1.5446314974022
1732,-19.1238467742,8.27749976437,1.5365702980926002
1733,-18.367368505800002,9.585016129920001,1.5389339614096
1734,-21.3652020052,9.59437210704,1.5532449818024
1735,-16.1139255422,8.278311525069999,1.523122607795
1736,-19.8672758674,9.58197293339,1.5468089228266002
1737,-17.615775342,10.8760514036,1.5377238620186
1738,-20.6160420412,10.8833469706,1.5543914508186
1739,-19.1089392984,10.8771553449,1.5461890377149
1740,-16.115357590400002,10.8689969984,1.5300880949673998
1741,-15.3684008102,9.57615469601,1.5226778108968002
1742,-19.8611245624,12.1760787713,1.5537694343185
1743,-14.6094348034,10.8653261143,1.5196666422143001
1744,-18.359827232,12.1758423458,1.5442720465664
1745,-13.8622667212,9.5638116348,1.5140230114162
1746,-14.6200155786,8.27326737361,1.5168236430969
1747,-16.8629178728,9.57681981523,1.5302656941957
1748,-13.8784222897,4.3688511834499995,1.5157599023555999
1749,-15.381630755100002,4.37207414219,1.5178642802362998
1750,-11.630301570199999,3.07705427898,1.5109858624965
1751,-13.9061794156,7.11743593766,1.5173267660201
1752,-12.380602615199999,6.972040331340001,1.5146574041347
1753,-10.1245877505,3.05217111797,1.50894230654135
1754,-12.3798333608,4.25486125446,1.5125478582306
1755,-21.3657427186,12.184666061100001,1.5618868192543
1756,-7.87670356723,4.3536349985500005,1.50605225127621
1757,-14.530351639500001,5.4537560594,1.5180519343468
1758,-10.8787162493,4.3600705192,1.5112699123183
1759,-9.37400777331,4.3513985603,1.50639163312407
1760,-26.2332487508,16.7418968613,1.5967922638173
1761,-26.982390732600003,16.7451593954,1.601412746586
1762,-27.7327697552,16.7469990588,1.604093714345
1763,-24.736392178,15.4386498331,1.5885730892460002
1764,-26.242208675999997,15.4480240842,1.5975307780646002
1765,-25.486535545,15.4411047341,1.5935077714442
1766,-24.3570466408,16.0846684354,1.5875495743286
1767,-25.4810078297,16.7392792482,1.5930445906992
1768,-23.981245715900002,16.739898567799997,1.5851903212957
1769,-25.8571055131,16.090709130900002,1.5935674630443
1770,-24.7286851933,16.7368902131,1.5887780307056
1771,-23.9879996756,15.4374712598,1.5841106356062
1772,-23.2353307743,15.438473759,1.5798307565307
1773,-26.620738273700002,14.794976927699999,1.5976273893276
1774,-25.110660512400003,14.7894354532,1.5889758263435
1775,-23.6096530747,14.7883805623,1.5807732867067
1776,-25.1096430125,17.392709005199997,1.5904014917534
1777,-26.601984562000002,17.3904081899,1.5974863691808001
1778,-13.1237757644,5.66496890148,1.5170024669635
1779,-7.83558474198,17.360580122200002,1.4940518975258799
1781,-11.586279784599999,21.2462725843,1.4867116243193
1782,-21.414676392900002,-8.614765847020001,1.4890219924938002
1783,-22.9176047405,-8.63069306777,1.4871342246889
1784,-19.1535226922,-4.69742744658,1.5053643125746001
1785,-19.9095680517,-3.39713712047,1.5123299252742999
1787,-22.9121760869,-6.00476158052,1.4969659520684
1788,-28.8640855849,16.1103679959,1.611766200417
1789,-25.2530652177,-7.15655980569,1.49051695983757
1790,-28.8672832194,13.510953320599999,1.5968166569005
1791,-11.460176579999999,8.433373034890002,1.5131549419562
1793,-13.123604489,5.66483774474,1.5162729339384
1794,-11.6158149205,5.67114761859,1.511727586771
1795,-10.130418239,5.65589249598,1.50937001715414
1796,-8.625100862670001,5.648011583360001,1.50674732999907
1797,-10.863233908,9.55459057923,1.5116221373428
1798,-8.61825774685,8.11623045983,1.50664490493436
1799,-13.1314884034,3.0701578785000003,1.5157290793619
1800,-7.96197649641,1.71277897442,1.50628637556579
1801,-23.6421931852,-4.65366004228,1.50260777796831
1802,-15.4328444504,-16.4175303214,1.4605478470843
1803,10.8679804584,8.40668700875,1.4596953351386
1804,12.3741821193,8.26686110557,1.4552979803693
1806,-22.1620043992,-7.30769615993,1.49312909876834
1807,9.46650023333,8.353212984199999,1.4661269317091001
1809,-24.4490846568,-5.82663354349,1.499943168052889
1810,-24.7401859749,14.141255488,1.5856363072627
1811,-26.991620424100002,14.1470041354,1.5976455265698
1812,-27.7422551848,14.143688111400001,1.5989165014661
1813,-26.241976415299998,14.1526563566,1.5928770224939002
1814,-23.9903183836,14.139745910899999,1.5823203486449
1815,-23.2397333903,14.1342734959,1.5796477791714
1816,-25.4855533034,14.125852971599999,1.5888197823101
1817,-10.130973044300001,8.25505050938,1.5101757579361
1818,-12.4513626967,9.52444673071,1.515788633176
1819,-13.112069659000001,8.24936446903,1.5167685885265
1821,0.377030816954,5.62938091811,1.49369676685828
1822,-26.647075886499998,0.493954301321,1.5332215035915
1823,-24.3629989564,13.4948332687,1.5836211137176999
1824,-13.1316622434,3.07016919614,1.5175587205474999
1825,-25.8747417565,13.4990241079,1.5907066721535
1826,-27.367576513200003,13.4944813209,1.5974340070816
1827,-28.3941294291,14.0965428226,1.602796441722
1828,-7.87686824205,4.3531068798899994,1.50868241240092
1829,-29.2351447032,14.1553014318,1.5992215317262
1830,-29.285737063,15.4499109254,1.606695810025
1831,-29.9828828878,14.1590487763,1.5987966894568002
1832,-29.6080259845,14.802039927800001,1.604131122183
1833,-29.9872193622,15.4551454985,1.607488034381
1834,-9.37362148355,4.35128922311,1.5088922781960201
1838,-23.9802146868,12.8406804871,1.5805445512529
1839,-26.2331958438,12.8458162043,1.5897576838117
1840,-24.7388967204,12.8389206966,1.5841944724408
1841,-27.742948656699998,12.8494252218,1.5937108017226
1842,-26.6149405352,12.1862033997,1.5887467349091
1843,-25.1180351277,12.1890572079,1.5830736894067
1844,-26.988906025600002,12.834840615400001,1.5921011442741
1845,-25.4887994954,12.8389298527,1.5877857447811
1847,-29.620135029500002,16.1087522389,1.611478704851
1849,-8.6234685808,5.64625922833,1.5099410947531702
1850,-11.6152845255,5.6700791611,1.5157095125131
1851,-10.8634299586,9.553884292209998,1.5140628714938
1853,-20.6944454586,-20.3064065733,1.4306153815273999
1854,-9.35025110526,14.7522397373,1.50347106022762
1860,12.446401850300001,23.7820338336,1.4146233712806
1861,13.9279967264,23.7857572407,1.4093001410478
1871,-1.86667265625,4.34341211825,1.4979936421832598
1873,-1.14102234566,-2.17287745987,1.499896784130023
1874,-26.612959915,15.2292917274,1.5908342671154
1875,25.1850018773,19.8622358036,1.3726070040209999
1876,-3.3654781365899997,9.53951706208,1.4953668090058199
1877,1.11744565736,-0.866796616514,1.49283315755863
1878,-5.62358110742,10.8096074065,1.499805216757378
1879,0.414677176297,16.0302991265,1.4747281752035002
1880,-2.6031919183700003,13.4424796923,1.4883090989827998
1881,-3.34823613654,14.7277099096,1.4867547539039
1885,1.85829663384,-4.77189758289,1.4880889400113002
